0.429249614
0.429037511
0.428749561
0.428280979
0.428040296
0.427743167
0.427400827
0.427039713
0.426751047
0.426359415
0.426202238
0.425816655
0.425404549
0.425155997
0.424762845
0.424300551
0.424023122
0.423681706
0.423328012
0.422874808
0.422594517
0.422234684
0.421888858
0.421533048
0.421077043
0.420701176
0.420224220
0.419909596
0.419514328
0.419116437
0.418680191
0.418296814
0.417940587
0.417550504
0.417255551
0.416606963
0.416276157
0.415744960
0.415510327
0.414916933
0.414543241
0.414240956
0.413669050
0.413278222
0.412869394
0.412485451
0.411945581
0.411489844
0.411049783
0.410507947
0.410211921
0.409699082
0.409178495
0.408839822
0.408255458
0.407965541
0.407448858
0.406905532
0.406381547
0.405914456
0.405555606
0.405004233
0.404518604
0.404056728
0.403576463
0.325266302
0.378468394
0.377955914
0.377453357
0.376911879
0.376417577
0.375936151
0.375423580
0.374849111
0.374424875
0.373922825
0.373442233
0.373026878
0.372479528
0.371985227
0.371526629
0.371101171
0.370548159
0.370099127
0.369677246
0.369048297
0.368559152
0.368141383
0.367507219
0.367130637
0.366593242
0.366166025
0.365508378
0.365195334
0.364602953
0.364200711
0.363562137
0.363238454
0.362745315
0.362216532
0.361720145
0.361152351
0.360650837
0.360137969
0.359702289
0.359231412
0.358584285
0.358207703
0.357641309
0.357248425
0.356669009
0.356163949
0.355671495
0.355248928
0.354621112
0.354188532
0.353608012
0.353156745
0.282904267
0.330421954
0.330028296
0.329425752
0.328918606
0.328474998
0.327928215
0.327418834
0.327006757
0.326452345
0.326092601
0.263335317
0.305718124
0.305287540
0.304748148
0.304403752
0.303824723
0.303424954
0.302900910
0.302357495
0.301927805
0.245923281
0.283755869
0.283309311
0.282765836
0.282300174
0.281879991
0.281380534
0.280973464
0.280526787
0.280032039
0.279577434
0.229593128
0.263352692
0.262876481
0.262486309
0.262020320
0.261623591
0.261149704
0.260834634
0.260332823
0.259893686
0.259532422
0.174932122
0.232670173
0.232175201
0.231840000
0.231385842
0.230999276
0.230698496
0.230236262
0.229893029
0.229486197
0.229194552
0.193068564
0.217361137
0.216956660
0.216688469
0.216241404
0.215952262
0.215548158
0.215194255
0.214889020
0.214559957
0.214237422
0.213847592
0.181563556
0.203265071
0.203065842
0.202693313
0.202429056
0.202120215
0.201835662
0.201540247
0.201249316
0.200955302
0.200679094
0.200362056
0.171371132
0.164941147
0.182624340
0.182289034
0.182046324
0.181784689
0.181523293
0.181223094
0.181033671
0.180709094
0.180522159
0.180216819
0.179945081
0.156426743
0.172226578
0.172008663
0.171768486
0.171536803
0.171269089
0.171023875
0.170850575
0.170568943
0.170362920
0.170137033
0.169921368
0.169656381
0.148454398
0.162770554
0.162489623
0.162317514
0.162061632
0.161852822
0.161692560
0.161438689
0.142359853
0.155163541
0.154994473
0.154761553
0.154620409
0.154374510
0.154174834
0.136969656
0.148514748
0.148310781
0.148156509
0.147943556
0.147810161
0.147584900
0.147388995
0.147248507
0.147037655
0.146885216
0.146686420
0.146501392
0.146360725
0.146160871
0.130707383
0.141098589
0.140916377
0.140743688
0.140605539
0.140417621
0.140254468
0.140117645
0.126189351
0.135535419
0.135365456
0.135182530
0.135046214
0.134917796
0.134741455
0.134594530
0.122103468
0.130470723
0.130341202
0.130166262
0.130040392
0.129893720
0.129775882
0.129616469
0.129481196
0.129310548
0.129213750
0.129062682
0.128946006
0.128772318
0.128660053
0.128521696
0.128408164
0.117235124
0.124715060
0.124605924
0.114550516
0.121258534
0.121145979
0.121040508
0.120892525
0.120785534
0.120665953
0.120543435
0.120434202
0.120295860
0.120185636
0.120093532
0.119949490
0.119848825
0.119718283
0.110827573
0.116787232
0.116662897
0.116563655
0.116443306
0.116366394
0.116229855
0.116139628
0.116016604
0.115940049
0.115811989
0.115722008
0.115605079
0.107724175
0.112965226
0.112881422
0.112764701
0.112676524
0.112557940
0.105524786
0.110208400
0.110116117
0.110030502
0.109924972
0.109836958
0.109731406
0.109626077
0.109553158
0.109449059
0.109355025
0.109268434
0.109174140
0.109077573
0.109002396
0.108901992
0.108792633
0.108736672
0.108620971
0.108535364
0.102454208
0.101148203
0.104775012
0.104693204
0.104628675
0.104526289
0.104459062
0.104376443
0.104308300
0.104228355
0.104149058
0.104070947
0.103989363
0.103925712
0.103847869
0.103772394
0.103695184
0.103619158
0.103562139
0.103483357
0.103396699
0.103331670
0.103253104
0.098652646
0.101720855
0.097666517
0.100354053
0.100301675
0.100231111
0.100169964
0.100109875
0.100043938
0.099985562
0.099925339
0.099867366
0.099808730
0.099736795
0.099687032
0.099631183
0.099576391
0.099515766
0.099452324
0.099395908
0.099338837
0.099282287
0.099229731
0.099175319
0.099105880
0.095806584
0.098006472
0.095135145
0.097041190
0.096984744
0.096937709
0.096886560
0.096841775
0.096793421
0.096743323
0.096699603
0.096655756
0.096597411
0.096564703
0.096511416
0.096469283
0.096420102
0.096380219
0.096321732
0.096293516
0.096237168
0.096204177
0.096151270
0.096115895
0.096068166
0.096032657
0.093837343
0.093490303
0.094704434
0.094676152
0.094641373
0.094612971
0.094570614
0.094540596
0.094517373
0.094476618
0.094453380
0.094422981
0.094392590
0.094357006
0.094333634
0.094297387
0.094269365
0.094244137
0.094211876
0.094187178
0.094162360
0.094128236
0.094097160
0.092846878
0.093682759
0.093656868
0.093635090
0.093617298
0.093590751
0.093572959
0.093548127
0.092659660
0.093248241
0.093233511
0.093218118
0.093199812
0.093184419
0.093173012
0.093152843
0.093143165
0.093125261
0.093111478
0.093099952
0.093082577
0.093074493
0.093059920
0.092595376
0.092908666
0.092901818
0.092893779
0.092889205
0.092882238
0.092873544
0.092866041
0.092867188
0.092860639
0.092851818
0.092852294
0.092846274
0.092839718
0.092839539
0.092837512
0.092829108
0.092834651
0.092833042
0.092826247
0.092781544
0.092810392
0.092803061
0.092595331
0.092721857
0.092704505
0.092702948
0.092690244
0.092682838
0.092669055
0.092660569
0.092647441
0.092636690
0.092624217
0.092614658
0.092595264
0.092585295
0.092571199
0.092553109
0.092547238
0.092523314
0.092511185
0.092498399
0.092474043
0.092463754
0.091798745
0.092221513
0.092189379
0.092171967
0.092149250
0.092120804
0.092104040
0.092072129
0.092050835
0.092028879
0.092002265
0.091978043
0.091943435
0.091926351
0.091891743
0.091869473
0.091836706
0.090826862
0.091460377
0.091430970
0.091393977
0.091365755
0.091330484
0.090135984
0.090885125
0.090846293
0.090804003
0.090762354
0.090727091
0.090674408
0.090643361
0.090593591
0.090552703
0.090498514
0.090459585
0.090407230
0.090366028
0.090314321
0.090272561
0.090227224
0.090169773
0.090124130
0.090069175
0.090025902
0.088472255
0.089445174
0.089383051
0.089335538
0.089268215
0.089225993
0.089157477
0.089101404
0.089042410
0.088989787
0.088928394
0.088865384
0.088807680
0.088747039
0.088682398
0.088626519
0.088560134
0.088500239
0.088433973
0.088376455
0.088306703
0.088248096
0.086332850
0.087527774
0.087459065
0.087379977
0.087321870
0.085314728
0.086565517
0.086484954
0.086410888
0.086330444
0.086251833
0.086179592
0.086096853
0.086018868
0.085946061
0.085850656
0.085789099
0.085689023
0.085609086
0.085528485
0.085434578
0.085350737
0.083111875
0.084503464
0.084401824
0.084316634
0.084226653
0.084129751
0.084034145
0.083935723
0.083856434
0.083743930
0.083655559
0.083557762
0.083472706
0.083361477
0.083266810
0.083171472
0.083064556
0.082980342
0.082864642
0.082778797
0.082664929
0.080174051
0.081714287
0.081603698
0.081499591
0.081397742
0.081279665
0.081179760
0.081058316
0.080975257
0.080847181
0.080733515
0.080630876
0.080515333
0.080418386
0.080291145
0.080176465
0.080073334
0.079959586
0.079844758
0.079721920
0.079606228
0.076894172
0.078551605
0.078430414
0.078316130
0.078186691
0.078064390
0.077964552
0.077821538
0.077706233
0.077572860
0.077459909
0.077336870
0.077202909
0.077068642
0.076967984
0.076822303
0.076696225
0.076575845
0.073672839
0.075445980
0.075318791
0.072418265
0.074178748
0.074063338
0.073902503
0.073763110
0.073635787
0.073486291
0.073346302
0.073228784
0.073069818
0.072923526
0.072784267
0.072666794
0.072503246
0.072347835
0.072209395
0.072054617
0.071893148
0.071746379
0.071611568
0.071452193
0.068403475
0.070247456
0.070095859
0.069935597
0.069776088
0.069635704
0.069467284
0.069296941
0.069151677
0.068988748
0.068846129
0.068670295
0.068516858
0.068349987
0.068206340
0.068033479
0.067872517
0.067692526
0.067542918
0.067395188
0.067220628
0.064057134
0.065948270
0.065785833
0.065628439
0.065447785
0.065280758
0.065096959
0.064937703
0.064782716
0.064600892
0.064429246
0.064255305
0.064085461
0.063914418
0.063752003
0.063557670
0.063389853
0.063216045
0.063043952
0.062863737
0.059620015
0.061558656
0.061389424
0.061189465
0.061017737
0.060830198
0.060660698
0.060474195
0.060297087
0.060112394
0.059917428
0.059738889
0.059576310
0.059382118
0.059192918
0.059011921
0.058830254
0.058640450
0.058441564
0.058262564
0.058081590
0.054780357
0.056729436
0.056545064
0.056339808
0.056160286
0.055967756
0.055777587
0.055589117
0.055395976
0.055187918
0.055003859
0.054811440
0.054622449
0.054422408
0.054233499
0.054021977
0.053835653
0.053640954
0.053446233
0.053249769
0.053049289
0.049732246
0.051673092
0.051476911
0.051282309
0.051084116
0.050885901
0.050680757
0.050450958
0.050275989
0.050070234
0.049870953
0.049647987
0.049459517
0.049256176
0.049050547
0.048854202
0.048608117
0.048431031
0.048231162
0.048021965
0.044712961
0.046645917
0.046424687
0.046208985
0.046015836
0.045804374
0.045605108
0.045373932
0.045177899
0.044952631
0.044754826
0.044525526
0.044329517
0.044103086
0.043902382
0.043690391
0.043464020
0.043265633
0.043029375
0.042835169
0.039549090
0.041455321
0.041220710
0.041022316
0.040807866
0.040556557
0.040364295
0.040152818
0.039938927
0.039685264
0.039490096
0.039282106
0.039023176
0.038829796
0.038616002
0.038382515
0.038152285
0.037952192
0.037716366
0.037507460
0.037290722
0.034054644
0.035914503
0.035693593
0.035499789
0.035279438
0.035047740
0.034846939
0.034612276
0.034416080
0.034196265
0.031080619
0.032862298
0.032632180
0.032432325
0.032192200
0.031995870
0.031759158
0.031551756
0.031333059
0.031105161
0.028108262
0.029800147
0.029599436
0.029356748
0.029157303
0.028920405
0.028697781
0.028492428
0.028256111
0.028057083
0.027817145
0.027609430
0.027352929
0.027186587
0.026912160
0.026700832
0.026493646
0.026255511
0.026054658
0.025816359
0.022921659
0.024563499
0.024317458
0.024119318
0.023874424
0.023652039
0.023446254
0.023208320
0.022981755
0.022780545
0.022533245
0.022290625
0.022077732
0.021872438
0.021626882
0.021404371
0.021195546
0.020952307
0.020724535
0.020498469
0.017778553
0.019273624
0.019026540
0.018816203
0.018609360
0.018368639
0.018140472
0.017918654
0.017684601
0.017485857
0.017239183
0.017011546
0.016759694
0.016552158
0.016320340
0.016118005
0.015870094
0.015644707
0.015415169
0.015186809
0.014937676
0.012376130
0.013769940
0.013571851
0.013351753
0.013127632
0.012931265
0.012695715
0.012473911
0.012254998
0.012029693
0.011814848
0.011591755
0.011372760
0.011175014
0.010937549
0.010718480
0.010496467
0.010273889
0.010055937
0.009835579
0.007450998
0.008750677
0.008512832
0.008296296
0.008073904
0.007852137
0.007636726
0.007414259
0.007194154
0.006956741
0.006745055
0.006528996
0.006333530
0.006090239
0.005878761
0.005654909
0.005439803
0.005191706
0.004988059
0.004772887
0.002586968
0.003726438
0.003509805
0.003264315
0.003060333
0.002870224
0.002635621
0.002396941
0.002188101
0.001971968
0.001756884
0.001535937
0.001289696
0.001091883
0.000877246
0.000627354
0.000429474
0.000207849
-0.000007957
-0.000252105
-0.002198346
-0.001205742
-0.001449592
-0.001596607
-0.001821496
-0.002059102
-0.002222873
-0.002446100
-0.002683237
-0.002870739
-0.003080264
-0.003288612
-0.003496982
-0.003736496
-0.003895797
-0.004149236
-0.004336365
-0.004526496
-0.004771776
-0.004966535
-0.006712340
-0.005828895
-0.006079741
-0.006263733
-0.006493405
-0.006659739
-0.006904952
-0.007093795
-0.007304542
-0.007506549
-0.007738076
-0.007925823
-0.008131474
-0.008340597
-0.008569837
-0.008780144
-0.008947909
-0.009193353
-0.009384178
-0.009619899
-0.011057496
-0.010414675
-0.010628872
-0.010811321
-0.011034802
-0.011224978
-0.011423111
-0.011654221
-0.011842616
-0.012041345
-0.012273058
-0.012456872
-0.012687437
-0.012893766
-0.013107151
-0.013238661
-0.013449222
-0.013672501
-0.013820216
-0.014056228
-0.015293114
-0.014746010
-0.014938556
-0.015128195
-0.015344977
-0.015519701
-0.015709400
-0.015900306
-0.016117170
-0.016288504
-0.016508333
-0.016649142
-0.016889274
-0.017087162
-0.017258607
-0.017478533
-0.017652281
-0.017838739
-0.018033981
-0.018251605
-0.018421985
-0.019400887
-0.019067012
-0.019234255
-0.019451171
-0.019592524
-0.019823901
-0.019986689
-0.020210177
-0.020400539
-0.020569764
-0.020777643
-0.020955674
-0.021163471
-0.021363363
-0.021530308
-0.021745190
-0.021911643
-0.022126026
-0.022326551
-0.022487208
-0.023208790
-0.023021542
-0.023201056
-0.023359969
-0.023539044
-0.023731314
-0.023890398
-0.024066731
-0.024273001
-0.024419807
-0.024601504
-0.024830841
-0.024966203
-0.025168575
-0.025325969
-0.025499523
-0.025670826
-0.025882564
-0.026030071
-0.026209012
-0.026673064
-0.026633829
-0.026835546
-0.026988164
-0.027158141
-0.027355254
-0.027534500
-0.027718954
-0.027873918
-0.028034687
-0.028238386
-0.028419994
-0.028571047
-0.028768308
-0.028921783
-0.029145010
-0.029280633
-0.029453762
-0.029649921
-0.029834591
-0.029974222
-0.030139022
-0.030309685
-0.030529834
-0.030655466
-0.030828558
-0.031052217
-0.031177253
-0.031369954
-0.031548247
-0.031668857
-0.031827636
-0.032041743
-0.032162406
-0.032317773
-0.032506652
-0.032648169
-0.032807589
-0.032992937
-0.033165619
-0.033013217
-0.033357397
-0.033515513
-0.033692002
-0.033828266
-0.034042932
-0.034157120
-0.034339517
-0.034475192
-0.034631692
-0.035265833
-0.035106532
-0.035320319
-0.035441853
-0.035627484
-0.035771042
-0.035958968
-0.036100179
-0.036315799
-0.036437966
-0.036015764
-0.036564007
-0.036777101
-0.036888644
-0.037077695
-0.037213542
-0.037395589
-0.037526928
-0.037748359
-0.037893921
-0.038028650
-0.038210779
-0.038352579
-0.038568661
-0.038707927
-0.038844585
-0.039010711
-0.039133392
-0.039310515
-0.039462194
-0.039593272
-0.038856007
-0.039563991
-0.039761893
-0.039945632
-0.040014580
-0.040208414
-0.040358819
-0.040482767
-0.040658653
-0.040810168
-0.040933505
-0.041106515
-0.041262731
-0.041382007
-0.041559704
-0.041708395
-0.041860670
-0.041988760
-0.042162955
-0.042316884
-0.041276380
-0.042203911
-0.042378597
-0.042521343
-0.042672336
-0.042765640
-0.042954147
-0.043134443
-0.043262184
-0.043350898
-0.043547034
-0.043696150
-0.043849938
-0.043996178
-0.044120066
-0.044287793
-0.044442825
-0.044590853
-0.044742994
-0.044895694
-0.043532968
-0.044711441
-0.044857576
-0.044969164
-0.045113236
-0.045246176
-0.045323938
-0.045501016
-0.045637570
-0.045748219
-0.045904413
-0.046043277
-0.046184421
-0.046290345
-0.046450049
-0.046588309
-0.046669543
-0.046850629
-0.046986543
-0.047130041
-0.045505084
-0.046844818
-0.046975903
-0.047111109
-0.047220930
-0.047371663
-0.047507450
-0.047640331
-0.047750212
-0.047904447
-0.048039630
-0.048181735
-0.048306987
-0.048416398
-0.048577085
-0.048715673
-0.048847891
-0.048959494
-0.049112007
-0.049256489
-0.049388111
-0.047439821
-0.048999995
-0.049132057
-0.049262404
-0.049368031
-0.049520932
-0.049651854
-0.049785711
-0.049887270
-0.050039694
-0.050145932
-0.050240673
-0.050385073
-0.050509222
-0.050635114
-0.050728716
-0.050878353
-0.050971314
-0.051118053
-0.051213965
-0.049034581
-0.050714791
-0.050888970
-0.050956830
-0.051103920
-0.051193148
-0.051334418
-0.051429503
-0.051571868
-0.051659405
-0.051841669
-0.051935315
-0.052032188
-0.052175142
-0.052271925
-0.052410796
-0.052539900
-0.052660786
-0.052751228
-0.052902371
-0.050394639
-0.052350596
-0.052412868
-0.052557938
-0.052650325
-0.052786000
-0.052944757
-0.053010419
-0.053150780
-0.053246684
-0.053381756
-0.053508267
-0.053630017
-0.053717211
-0.053864554
-0.054017991
-0.054086022
-0.054201633
-0.054344252
-0.054501198
-0.054573812
-0.051770285
-0.053881228
-0.053990662
-0.054065533
-0.054171167
-0.054330826
-0.054391190
-0.054488637
-0.054619595
-0.054739475
-0.054812454
-0.054918051
-0.055080570
-0.055137426
-0.055245318
-0.055412397
-0.055469699
-0.055572309
-0.055744082
-0.055800766
-0.052775189
-0.055086091
-0.055135600
-0.055236258
-0.055367388
-0.055474155
-0.055556193
-0.055683777
-0.055794023
-0.055875435
-0.056005314
-0.056083821
-0.056218371
-0.056330815
-0.056412689
-0.056575336
-0.056632318
-0.056740329
-0.056904078
-0.056965627
-0.053715423
-0.056141622
-0.056220360
-0.056349292
-0.056425668
-0.056582287
-0.056644797
-0.056746006
-0.056908257
-0.056963645
-0.057092540
-0.057206355
-0.057283774
-0.057420142
-0.057467535
-0.057590149
-0.057663672
-0.057820223
-0.057837613
-0.057955146
-0.058111072
-0.054509342
-0.057130463
-0.057200812
-0.057318442
-0.057388149
-0.057511523
-0.057576485
-0.057699874
-0.057766579
-0.057892255
-0.057958327
-0.058049977
-0.058173276
-0.058251470
-0.058378018
-0.058440432
-0.058572955
-0.058638848
-0.058801852
-0.058850303
-0.055101395
-0.057822578
-0.057949007
-0.058015183
-0.058142044
-0.058206387
-0.058326893
-0.058398284
-0.058523327
-0.058591694
-0.058715567
-0.058846183
-0.058868386
-0.059044734
-0.059094496
-0.059218295
-0.059287801
-0.059416272
-0.059486873
-0.059616432
-0.059689850
-0.055672415
-0.058589324
-0.058702268
-0.058808371
-0.058873944
-0.059029058
-0.059047267
-0.059222013
-0.059275344
-0.059366293
-0.059397943
-0.059533551
-0.059626259
-0.059694774
-0.059816286
-0.059840165
-0.059983268
-0.060047574
-0.060166195
-0.060263902
-0.055930041
-0.059059292
-0.059126228
-0.059234604
-0.059328564
-0.059354462
-0.059489623
-0.059556492
-0.059671164
-0.059760928
-0.059797771
-0.059931539
-0.059993677
-0.060111851
-0.060211383
-0.060239919
-0.060377188
-0.060447350
-0.060565323
-0.060661852
-0.060697883
-0.056241550
-0.059456393
-0.059576996
-0.059663266
-0.059693813
-0.059835240
-0.059928983
-0.059989899
-0.060104594
-0.060135596
-0.060278669
-0.060374059
-0.060438350
-0.060551770
-0.060654767
-0.060689569
-0.060826071
-0.060925506
-0.060994916
-0.061116248
-0.056404263
-0.059742600
-0.059877500
-0.059937842
-0.060060598
-0.060154215
-0.060183354
-0.060320027
-0.060418971
-0.060486689
-0.060575224
-0.060628004
-0.060713276
-0.060787402
-0.060899690
-0.060922451
-0.061061397
-0.061113440
-0.061198629
-0.061280794
-0.061391160
-0.056392275
-0.059970990
-0.060059689
-0.060086034
-0.060208239
-0.060264647
-0.060347050
-0.060426414
-0.060532250
-0.060624212
-0.060648650
-0.060782880
-0.060840704
-0.060921729
-0.061001569
-0.061112523
-0.061148442
-0.061276637
-0.061371885
-0.061403066
-0.056316122
-0.059959352
-0.060070418
-0.060100608
-0.060223736
-0.060315095
-0.060349301
-0.060477510
-0.060537010
-0.060621955
-0.060698152
-0.060815960
-0.060874715
-0.060961314
-0.061040871
-0.061155669
-0.061192520
-0.061329745
-0.061422341
-0.061486743
-0.061578333
-0.056223549
-0.060069822
-0.060098127
-0.060228668
-0.060322680
-0.060385458
-0.060465589
-0.060550377
-0.060663909
-0.060698949
-0.060833827
-0.060928717
-0.060993046
-0.061079375
-0.061166249
-0.061253674
-0.061270759
-0.061377026
-0.061451234
-0.061565854
-0.055970639
-0.059926599
-0.060031570
-0.060081057
-0.060123816
-0.060223140
-0.060326830
-0.060351484
-0.060452975
-0.060520798
-0.060637809
-0.060659327
-0.060755543
-0.060864344
-0.060926303
-0.060970381
-0.061074615
-0.061181478
-0.061212227
-0.061313435
-0.061427772
-0.055677354
-0.059711039
-0.059804447
-0.059915632
-0.059972927
-0.060013011
-0.060149007
-0.060203284
-0.060281955
-0.060333505
-0.060458265
-0.060524136
-0.060602598
-0.060682252
-0.060763650
-0.060850769
-0.060959056
-0.060988970
-0.061093464
-0.061177030
-0.055313066
-0.059452839
-0.059545822
-0.059658423
-0.059680320
-0.059785545
-0.059862822
-0.059975877
-0.060004584
-0.060107872
-0.060223088
-0.060281627
-0.060335174
-0.060442358
-0.060555100
-0.060616471
-0.060669929
-0.060781680
-0.060889684
-0.060959727
-0.061014161
-0.054993317
-0.059287347
-0.059365615
-0.059420884
-0.059553348
-0.059614703
-0.059729174
-0.059760511
-0.059837036
-0.059912905
-0.059987597
-0.060029447
-0.060131982
-0.060206570
-0.060285814
-0.060333289
-0.060432151
-0.060513027
-0.060588062
-0.060637832
-0.060742982
-0.054482624
-0.058912657
-0.058957949
-0.059055164
-0.059133179
-0.059205368
-0.059255749
-0.059352212
-0.059424952
-0.059508733
-0.059555441
-0.059649542
-0.059732683
-0.059814520
-0.059861131
-0.059963249
-0.060049638
-0.060131267
-0.060186967
-0.060284764
-0.053887099
-0.058416948
-0.058466010
-0.058569267
-0.058644041
-0.058721215
-0.058775909
-0.058872044
-0.058957219
-0.059037626
-0.059088655
-0.059191078
-0.059275508
-0.059355818
-0.059414871
-0.059518807
-0.059600763
-0.059687376
-0.059740491
-0.059853099
-0.059936032
-0.053369731
-0.057997063
-0.058092430
-0.058179751
-0.058254212
-0.058310971
-0.058417812
-0.058495626
-0.058582217
-0.058632389
-0.058744974
-0.058830149
-0.058882482
-0.058997236
-0.059081122
-0.059167400
-0.059224300
-0.059336051
-0.059429146
-0.059510030
-0.052782759
-0.057553060
-0.057640046
-0.057752863
-0.057758979
-0.057885207
-0.057973184
-0.058088169
-0.058067083
-0.058177724
-0.058268175
-0.058308139
-0.058384173
-0.058478452
-0.058566414
-0.058583282
-0.058703028
-0.058783986
-0.058874123
-0.058886245
-0.059016399
-0.052162021
-0.056976274
-0.057042420
-0.057144880
-0.057217121
-0.057273939
-0.057342142
-0.057440929
-0.057491802
-0.057566941
-0.057664432
-0.057754427
-0.057802700
-0.057874829
-0.057974614
-0.058069170
-0.058116160
-0.058201492
-0.058299221
-0.058353268
-0.051373199
-0.056329496
-0.056402035
-0.056465521
-0.056529902
-0.056638286
-0.056691065
-0.056762390
-0.056864291
-0.056954585
-0.057004347
-0.057086609
-0.057190567
-0.057278924
-0.057300940
-0.057436213
-0.057522088
-0.057583228
-0.057658806
-0.057771340
-0.057860039
-0.050692111
-0.055771165
-0.055848435
-0.055904552
-0.055976823
-0.056086607
-0.056174807
-0.056200139
-0.056324244
-0.056422845
-0.056503274
-0.056532629
-0.056665286
-0.056750387
-0.056784287
-0.056917384
-0.057007574
-0.057045907
-0.057173602
-0.057269536
-0.050044768
-0.055101775
-0.055227466
-0.055322997
-0.055340514
-0.055476055
-0.055569105
-0.055596359
-0.055728763
-0.055818267
-0.055881843
-0.055968493
-0.056072325
-0.056172222
-0.056202754
-0.056340165
-0.056438662
-0.056438521
-0.056562714
-0.056622192
-0.056700088
-0.049328290
-0.054548398
-0.054573432
-0.054661348
-0.054772876
-0.054791845
-0.054917164
-0.054973632
-0.055016883
-0.055150740
-0.055202350
-0.055279531
-0.055355534
-0.055462651
-0.055522397
-0.055600025
-0.055681117
-0.055790953
-0.055820562
-0.055925280
-0.056032099
-0.048503123
-0.053828076
-0.053883746
-0.053932570
-0.054059781
-0.054108985
-0.054197043
-0.054270402
-0.054378442
-0.054407999
-0.054509737
-0.054614767
-0.054655254
-0.054783247
-0.054809138
-0.054918908
-0.055030651
-0.055061631
-0.055201761
-0.055255651
-0.047684476
-0.053032555
-0.053141519
-0.053171985
-0.053267725
-0.053378433
-0.053414643
-0.053547122
-0.053601593
-0.053655170
-0.053792320
-0.053859979
-0.053937420
-0.054023102
-0.054073557
-0.054214083
-0.054278746
-0.054365404
-0.054452613
-0.054568015
-0.054606125
-0.046944663
-0.052393429
-0.052429505
-0.052563570
-0.052597694
-0.052731663
-0.052796260
-0.052852280
-0.052986152
-0.053055301
-0.053135961
-0.053227119
-0.053285860
-0.053422451
-0.053487405
-0.053580746
-0.053667590
-0.053786755
-0.053830884
-0.053937905
-0.054032236
-0.046237156
-0.051776350
-0.051811308
-0.051919647
-0.052005343
-0.052096233
-0.052209482
-0.052253000
-0.052363411
-0.052480020
-0.052518800
-0.052665532
-0.052701823
-0.052842729
-0.052919447
-0.052980557
-0.053121902
-0.053138033
-0.053245418
-0.053324975
-0.045406461
-0.050988518
-0.051039569
-0.051169008
-0.051201425
-0.051306561
-0.051386133
-0.051437519
-0.051543750
-0.051596761
-0.051697701
-0.051817603
-0.051852517
-0.051953897
-0.052014932
-0.052120857
-0.052213438
-0.052264959
-0.052400298
-0.052444980
-0.052548438
-0.044548854
-0.050196424
-0.050278105
-0.050332144
-0.050434649
-0.050494425
-0.050626747
-0.050659239
-0.050771490
-0.050852329
-0.050909109
-0.051017798
-0.051083110
-0.051186934
-0.051242962
-0.051386140
-0.051461563
-0.051517911
-0.051632687
-0.051697694
-0.043664850
-0.049321882
-0.049428657
-0.049486324
-0.049623571
-0.049686261
-0.049750865
-0.049860902
-0.049916640
-0.050033063
-0.050090425
-0.050232679
-0.050238684
-0.050407588
-0.050446332
-0.050564297
-0.050650321
-0.050718650
-0.050838783
-0.050899327
-0.051042482
-0.042863429
-0.048632160
-0.048692927
-0.048802160
-0.048861749
-0.048970997
-0.049035788
-0.049146660
-0.049219988
-0.049350195
-0.049428664
-0.049488612
-0.049609244
-0.049676001
-0.049784310
-0.049856387
-0.049975619
-0.050044551
-0.050189614
-0.050245218
-0.050357878
-0.042114578
-0.047940843
-0.048010021
-0.048117712
-0.048186250
-0.048310056
-0.048368417
-0.048515245
-0.048560396
-0.048682392
-0.048749968
-0.048867203
-0.048938259
-0.049058318
-0.049124084
-0.049248807
-0.049320854
-0.049469024
-0.049524277
-0.049647614
-0.041334704
-0.047213487
-0.047286309
-0.047395915
-0.047471017
-0.047579989
-0.047648735
-0.047802784
-0.047849849
-0.047974952
-0.048040450
-0.048155732
-0.048237585
-0.048324987
-0.048393503
-0.048505187
-0.048545942
-0.048674330
-0.048747942
-0.048827767
-0.048941746
-0.040529065
-0.046471514
-0.046531945
-0.046642564
-0.046679884
-0.046803102
-0.046877928
-0.046979584
-0.047046855
-0.047169395
-0.047195375
-0.047336467
-0.047405139
-0.047484785
-0.047603786
-0.047643639
-0.047778681
-0.047851935
-0.047968343
-0.048039757
-0.048160180
-0.039671503
-0.045671768
-0.045731179
-0.045820169
-0.045932055
-0.045969553
-0.046109170
-0.046173573
-0.046290562
-0.046360165
-0.046406172
-0.046558589
-0.046627983
-0.046743572
-0.046784252
-0.046921320
-0.046996593
-0.047115020
-0.047188461
-0.047248676
-0.038817026
-0.044790223
-0.044895343
-0.044971272
-0.045083329
-0.045123391
-0.045237906
-0.045346417
-0.045424528
-0.045543954
-0.045586087
-0.045695223
-0.045821592
-0.045895286
-0.046015717
-0.046058305
-0.046205401
-0.046273820
-0.046374731
-0.046492167
-0.046549164
-0.038047791
-0.044060744
-0.044155918
-0.044268809
-0.044319540
-0.044452593
-0.044532076
-0.044622943
-0.044711553
-0.044812933
-0.044926181
-0.045009039
-0.045077905
-0.045216516
-0.045291714
-0.045394637
-0.045522727
-0.045568869
-0.045715511
-0.045788795
-0.045896836
-0.037308618
-0.043345906
-0.043485746
-0.043562047
-0.043656774
-0.043781430
-0.043824144
-0.043937974
-0.044067852
-0.044145040
-0.044272430
-0.044323057
-0.044439502
-0.044562809
-0.044649228
-0.044715926
-0.044864058
-0.044944003
-0.045048229
-0.045174807
-0.036484972
-0.042642131
-0.042715274
-0.042817332
-0.042937644
-0.042991146
-0.043103427
-0.043230139
-0.043316394
-0.043382928
-0.043530889
-0.043615855
-0.043718062
-0.043839827
-0.043898895
-0.044022471
-0.044157438
-0.044238649
-0.044311948
-0.044462562
-0.044556566
-0.035858765
-0.041951030
-0.042063229
-0.042151056
-0.042243548
-0.042311192
-0.042442739
-0.042494237
-0.042595223
-0.042672195
-0.042814568
-0.042855382
-0.042944297
-0.043084964
-0.043166749
-0.043231733
-0.043378681
-0.043423422
-0.043515079
-0.043658487
-0.043708436
-0.034966886
-0.041176744
-0.041231543
-0.041316152
-0.041452631
-0.041499764
-0.041613244
-0.041739315
-0.041789159
-0.041874237
-0.041984715
-0.042090617
-0.042186454
-0.042247191
-0.042402111
-0.042448863
-0.042570181
-0.042668864
-0.042769283
-0.042844318
-0.034071825
-0.040279776
-0.040375754
-0.040450342
-0.040584728
-0.040640257
-0.040759102
-0.040820196
-0.040973745
-0.041018590
-0.041113272
-0.041260235
-0.041312553
-0.041430689
-0.041505560
-0.041655898
-0.041713864
-0.041830070
-0.041935973
-0.042034850
-0.042117111
-0.033329248
-0.039553955
-0.039655305
-0.039723702
-0.039843492
-0.039936647
-0.040043756
-0.040110879
-0.040202387
-0.040354945
-0.040414467
-0.040527590
-0.040658720
-0.040714808
-0.040814787
-0.040932469
-0.041041583
-0.041142486
-0.041225031
-0.041346096
-0.041457400
-0.032587349
-0.038828820
-0.038949020
-0.039054684
-0.039152130
-0.039226048
-0.039321311
-0.039471239
-0.039526522
-0.039649352
-0.039725997
-0.039848186
-0.039954774
-0.040060714
-0.040141270
-0.040267907
-0.040372573
-0.040478431
-0.040563561
-0.040668197
-0.031813405
-0.038093865
-0.038169779
-0.038261861
-0.038387984
-0.038491465
-0.038603604
-0.038673490
-0.038794354
-0.038907714
-0.039012201
-0.039095424
-0.039192423
-0.039316550
-0.039457381
-0.039519064
-0.039617181
-0.039744154
-0.039836504
-0.039984532
-0.040054910
-0.031134225
-0.037435018
-0.037531517
-0.037685610
-0.037771530
-0.037852325
-0.037951551
-0.038077250
-0.038183883
-0.038292259
-0.038370065
-0.038507901
-0.038588949
-0.038742132
-0.038809426
-0.038919948
-0.039043538
-0.039131552
-0.039286934
-0.039361611
-0.039486319
-0.030479588
-0.036865346
-0.036941245
-0.037093930
-0.037160076
-0.037261344
-0.037390813
-0.037470639
-0.037627786
-0.037692025
-0.037826069
-0.037908085
-0.038039759
-0.038125254
-0.038289137
-0.038354270
-0.038463935
-0.038589053
-0.038656123
-0.038752474
-0.029767990
-0.036133669
-0.036211796
-0.036302499
-0.036394410
-0.036489785
-0.036584504
-0.036731638
-0.036793418
-0.036886871
-0.036984973
-0.037082434
-0.037176974
-0.037336677
-0.037386604
-0.037493929
-0.037589468
-0.037690863
-0.037793331
-0.037891701
-0.038043126
-0.028979965
-0.035352752
-0.035447329
-0.035545908
-0.035639189
-0.035740592
-0.035887361
-0.035952896
-0.036043711
-0.036146224
-0.036238790
-0.036348768
-0.036466509
-0.036551602
-0.036685579
-0.036759421
-0.036861762
-0.036965191
-0.037090436
-0.037183456
-0.037280291
-0.028220363
-0.034648404
-0.034723021
-0.034852490
-0.034932204
-0.035029799
-0.035127409
-0.035225026
-0.035333022
-0.035426967
-0.035584457
-0.035649568
-0.035753913
-0.035852417
-0.035955049
-0.036065146
-0.036160655
-0.036267310
-0.036401518
-0.036517739
-0.036602199
-0.027519450
-0.033928737
-0.034039073
-0.034162886
-0.034245834
-0.034342013
-0.034444049
-0.034550622
-0.034647249
-0.034806237
-0.034867659
-0.034977078
-0.035082273
-0.035182826
-0.035292692
-0.035390884
-0.035499036
-0.035633013
-0.035729446
-0.035830900
-0.026773855
-0.033178322
-0.033284731
-0.033403672
-0.033493415
-0.033602007
-0.033697195
-0.033806995
-0.033902206
-0.034013756
-0.034116432
-0.034244515
-0.034336902
-0.034442417
-0.034573868
-0.034666710
-0.034775592
-0.034910955
-0.034994408
-0.035110898
-0.035218507
-0.026113920
-0.032550357
-0.032657750
-0.032763839
-0.032865822
-0.032994933
-0.033083715
-0.033187993
-0.033299200
-0.033402190
-0.033512764
-0.033673353
-0.033745147
-0.033849254
-0.033962674
-0.034074791
-0.034179345
-0.034289218
-0.034408286
-0.034544408
-0.034636199
-0.025511190
-0.031968631
-0.032075696
-0.032178648
-0.032286264
-0.032396689
-0.032526024
-0.032620855
-0.032725357
-0.032837436
-0.032949410
-0.033053823
-0.033168733
-0.033275433
-0.033386253
-0.033527009
-0.033620395
-0.033733398
-0.033843488
-0.033958249
-0.024831288
-0.031294353
-0.031398274
-0.031534508
-0.031645842
-0.031737097
-0.031845585
-0.031956352
-0.032069929
-0.032197237
-0.032295339
-0.032405376
-0.032517150
-0.032629475
-0.032745801
-0.032853380
-0.032974914
-0.033103146
-0.033211470
-0.033320047
-0.033443779
-0.024277814
-0.030766241
-0.030880332
-0.030987926
-0.031094998
-0.031234391
-0.031328134
-0.031436846
-0.031550229
-0.031664684
-0.031776771
-0.031885415
-0.031979166
-0.032114230
-0.032225586
-0.032366998
-0.032465145
-0.032574810
-0.032698438
-0.032811463
-0.032926880
-0.023745932
-0.030253120
-0.030367531
-0.030499130
-0.030597419
-0.030705370
-0.030822642
-0.030910946
-0.031015955
-0.031096771
-0.031215027
-0.031324178
-0.031438403
-0.031538039
-0.031650558
-0.031756587
-0.031844810
-0.031972088
-0.032079764
-0.032186911
-0.023021355
-0.029507689
-0.029584453
-0.029706761
-0.029810004
-0.029916719
-0.029969200
-0.030117951
-0.030221529
-0.030327506
-0.030438684
-0.030546293
-0.030653909
-0.030740798
-0.030864470
-0.030977845
-0.031085916
-0.031200387
-0.031311288
-0.031396277
-0.031528540
-0.022347622
-0.028842084
-0.028954394
-0.029057287
-0.029108994
-0.029252976
-0.029364005
-0.029469751
-0.029578418
-0.029668622
-0.029793225
-0.029898889
-0.030013867
-0.030120619
-0.030231498
-0.030325644
-0.030446082
-0.030566178
-0.030679129
-0.030733325
-0.030892015
-0.021703310
-0.028210960
-0.028316557
-0.028423354
-0.028537072
-0.028611459
-0.028742544
-0.028857909
-0.028966784
-0.029075131
-0.029139735
-0.029283747
-0.029390939
-0.029507436
-0.029622629
-0.029702611
-0.029841557
-0.029955477
-0.030067682
-0.030181080
-0.021020591
-0.027456678
-0.027604312
-0.027710877
-0.027822115
-0.027934432
-0.028014988
-0.028146930
-0.028255709
-0.028365679
-0.028484307
-0.028545134
-0.028690130
-0.028803483
-0.028919116
-0.029035829
-0.029150173
-0.029235139
-0.029376693
-0.029486299
-0.029578216
-0.020399630
-0.026917584
-0.027025126
-0.027140796
-0.027246512
-0.027364463
-0.027473003
-0.027566656
-0.027667053
-0.027798697
-0.027918190
-0.028003544
-0.028135099
-0.028255701
-0.028364629
-0.028485253
-0.028552718
-0.028707162
-0.028822936
-0.028939910
-0.029062077
-0.019880846
-0.026362479
-0.026472144
-0.026596062
-0.026708610
-0.026806146
-0.026932247
-0.027041793
-0.027162373
-0.027277000
-0.027339786
-0.027493656
-0.027611122
-0.027729139
-0.027842514
-0.027965195
-0.028053738
-0.028166018
-0.028301850
-0.028423272
-0.019268408
-0.025730871
-0.025866374
-0.025955029
-0.026084594
-0.026176736
-0.026303932
-0.026430666
-0.026544422
-0.026658840
-0.026722603
-0.026882641
-0.026997514
-0.027114779
-0.027237244
-0.027347505
-0.027429163
-0.027576156
-0.027699739
-0.027824946
-0.027918927
-0.018758088
-0.025243953
-0.025380865
-0.025492877
-0.025581352
-0.025720559
-0.025830217
-0.025927365
-0.026036449
-0.026171468
-0.026288621
-0.026412703
-0.026504368
-0.026611663
-0.026757650
-0.026876889
-0.026997335
-0.027117789
-0.027189858
-0.027345441
-0.027471654
-0.018291011
-0.024804994
-0.024874896
-0.025022469
-0.025141329
-0.025259539
-0.025381759
-0.025469296
-0.025588676
-0.025719933
-0.025836356
-0.025962621
-0.026060477
-0.026170380
-0.026312061
-0.026433490
-0.026534192
-0.026668221
-0.026771866
-0.026911639
-0.017747007
-0.024233423
-0.024360642
-0.024460390
-0.024593346
-0.024688348
-0.024824783
-0.024946816
-0.025037080
-0.025178738
-0.025274754
-0.025409944
-0.025514089
-0.025647990
-0.025749773
-0.025887154
-0.026014231
-0.026115276
-0.026254304
-0.026353642
-0.026499078
-0.017319225
-0.023812726
-0.023924313
-0.024058923
-0.024185494
-0.024274997
-0.024415366
-0.024514727
-0.024649158
-0.024772748
-0.024876676
-0.024982169
-0.025129400
-0.025249347
-0.025347486
-0.025491707
-0.025589757
-0.025736809
-0.025829569
-0.025979571
-0.026078083
-0.016909666
-0.023434341
-0.023528509
-0.023668766
-0.023764573
-0.023899548
-0.023994841
-0.024144866
-0.024232373
-0.024357028
-0.024418034
-0.024572507
-0.024662919
-0.024800614
-0.024862736
-0.025018334
-0.025111593
-0.025250942
-0.025316447
-0.025469050
-0.016282074
-0.022792645
-0.022854477
-0.023008466
-0.023096010
-0.023223922
-0.023293130
-0.023444004
-0.023533203
-0.023669675
-0.023735769
-0.023888305
-0.023977429
-0.024113297
-0.024183430
-0.024339341
-0.024430655
-0.024565257
-0.024638236
-0.024790622
-0.024885438
-0.015748978
-0.022189483
-0.022337541
-0.022432558
-0.022561982
-0.022625789
-0.022755288
-0.022887550
-0.022952996
-0.023106612
-0.023202546
-0.023335263
-0.023405820
-0.023556978
-0.023650572
-0.023788519
-0.023857281
-0.024015933
-0.024113983
-0.024224080
-0.024334848
-0.015210934
-0.021678120
-0.021780320
-0.021889560
-0.022025809
-0.022089951
-0.022246905
-0.022336878
-0.022471868
-0.022545770
-0.022696152
-0.022791900
-0.022877216
-0.023032285
-0.023129135
-0.023265690
-0.023342356
-0.023498960
-0.023593351
-0.023705095
-0.014590815
-0.021073766
-0.021162637
-0.021276310
-0.021381781
-0.021519028
-0.021589346
-0.021736808
-0.021835998
-0.021917738
-0.022078522
-0.022197068
-0.022290878
-0.022380114
-0.022533253
-0.022654764
-0.022730142
-0.022867642
-0.023006171
-0.023075633
-0.023232184
-0.014113113
-0.020562783
-0.020672262
-0.020809948
-0.020903178
-0.021009646
-0.021127157
-0.021257736
-0.021333717
-0.021483272
-0.021582827
-0.021671310
-0.021828346
-0.021951362
-0.022023067
-0.022153564
-0.022303671
-0.022371717
-0.022529244
-0.022628009
-0.022752121
-0.013641320
-0.020118572
-0.020191617
-0.020344608
-0.020442292
-0.020530090
-0.020682991
-0.020800799
-0.020878322
-0.021010399
-0.021150537
-0.021226123
-0.021375403
-0.021475330
-0.021596499
-0.021707721
-0.021850191
-0.021930382
-0.022088788
-0.022186175
-0.013089240
-0.019562714
-0.019686878
-0.019754425
-0.019888863
-0.020020872
-0.020096563
-0.020250462
-0.020346805
-0.020459838
-0.020578079
-0.020716943
-0.020795926
-0.020951390
-0.021052212
-0.021147795
-0.021302640
-0.021429956
-0.021508232
-0.021639451
-0.021761559
-0.012692630
-0.019150302
-0.019219503
-0.019373409
-0.019470289
-0.019560203
-0.019719213
-0.019836091
-0.019913346
-0.020042889
-0.020184591
-0.020262301
-0.020415954
-0.020497143
-0.020657077
-0.020758264
-0.020855397
-0.021011792
-0.021140672
-0.021218769
-0.021352738
-0.012297563
-0.018723160
-0.018859647
-0.018936239
-0.019087590
-0.019187212
-0.019308068
-0.019418977
-0.019511007
-0.019673862
-0.019770920
-0.019888796
-0.020005494
-0.020144671
-0.020233795
-0.020381339
-0.020467028
-0.020625621
-0.020733036
-0.020825908
-0.011840284
-0.018251859
-0.018330090
-0.018457688
-0.018576182
-0.018694565
-0.018820949
-0.018907346
-0.019068263
-0.019138113
-0.019277237
-0.019417390
-0.019497111
-0.019652784
-0.019729078
-0.019897528
-0.019997805
-0.020118900
-0.020243995
-0.020334415
-0.020496428
-0.011455424
-0.017862223
-0.017977707
-0.018095471
-0.018210858
-0.018352188
-0.018425517
-0.018587016
-0.018664904
-0.018800914
-0.018943258
-0.019018792
-0.019182496
-0.019257404
-0.019423395
-0.019525327
-0.019620955
-0.019781679
-0.019864097
-0.020025924
-0.020124994
-0.011106998
-0.017511897
-0.017631307
-0.017747164
-0.017883770
-0.017964602
-0.018124178
-0.018200807
-0.018336743
-0.018456541
-0.018575162
-0.018717997
-0.018800929
-0.018955171
-0.019044511
-0.019179642
-0.019298755
-0.019424252
-0.019572116
-0.019655444
-0.010701030
-0.017046966
-0.017204821
-0.017305642
-0.017401226
-0.017562993
-0.017640598
-0.017796546
-0.017878294
-0.018038251
-0.018138923
-0.018241927
-0.018398888
-0.018486299
-0.018644355
-0.018727683
-0.018892139
-0.018973649
-0.019133486
-0.019245051
-0.019344352
-0.010388695
-0.016744949
-0.016895592
-0.016977340
-0.017136119
-0.017242506
-0.017334372
-0.017488532
-0.017574877
-0.017734125
-0.017814532
-0.017972082
-0.018058896
-0.018218078
-0.018330723
-0.018424720
-0.018594310
-0.018673912
-0.018837683
-0.018923156
-0.009999081
-0.016325697
-0.016465485
-0.016601115
-0.016683348
-0.016840883
-0.016921289
-0.017084569
-0.017165422
-0.017321683
-0.017401487
-0.017541148
-0.017665207
-0.017786890
-0.017929330
-0.018021174
-0.018181279
-0.018263206
-0.018407896
-0.018532343
-0.018660255
-0.009691663
-0.016066030
-0.016158380
-0.016320482
-0.016398430
-0.016558178
-0.016665533
-0.016787753
-0.016900137
-0.017008133
-0.017164782
-0.017249614
-0.017410934
-0.017498590
-0.017661542
-0.017747380
-0.017907433
-0.017994486
-0.018132098
-0.018262334
-0.018387809
-0.009438179
-0.015780374
-0.015932456
-0.016015649
-0.016156845
-0.016274340
-0.016394220
-0.016517580
-0.016640291
-0.016741082
-0.016901128
-0.016985252
-0.017150514
-0.017234549
-0.017399177
-0.017457843
-0.017594241
-0.017689116
-0.017827146
-0.017913274
-0.009021275
-0.015317984
-0.015449971
-0.015563428
-0.015653238
-0.015784487
-0.015878849
-0.016027816
-0.016106710
-0.016233228
-0.016327634
-0.016462825
-0.016554751
-0.016687579
-0.016782984
-0.016942836
-0.017021455
-0.017153025
-0.017254733
-0.017384477
-0.017483287
-0.008601353
-0.014894716
-0.015020669
-0.015118510
-0.015244909
-0.015335731
-0.015466265
-0.015559375
-0.015710019
-0.015789390
-0.015923299
-0.016011693
-0.016153738
-0.016240843
-0.016402997
-0.016474627
-0.016614333
-0.016708404
-0.016845092
-0.016937993
-0.017079897
-0.008159801
-0.014512874
-0.014592752
-0.014717348
-0.014809281
-0.014941461
-0.015036769
-0.015193589
-0.015270375
-0.015400104
-0.015496522
-0.015628539
-0.015724324
-0.015860356
-0.015952587
-0.016118027
-0.016191743
-0.016328365
-0.016424634
-0.016564079
-0.007695772
-0.013988808
-0.014081836
-0.014182813
-0.014342681
-0.014419481
-0.014542833
-0.014646836
-0.014772363
-0.014868155
-0.015027203
-0.015101559
-0.015238166
-0.015334964
-0.015466817
-0.015570551
-0.015699394
-0.015798502
-0.015957408
-0.016040921
-0.016176723
-0.007344656
-0.013616055
-0.013710096
-0.013818994
-0.013973378
-0.014047191
-0.014185511
-0.014276452
-0.014412947
-0.014506176
-0.014633395
-0.014738329
-0.014891915
-0.014973689
-0.015109476
-0.015204385
-0.015341926
-0.015440855
-0.015552372
-0.015715223
-0.015793387
-0.006998684
-0.013234973
-0.013364006
-0.013460267
-0.013590932
-0.013687093
-0.013839599
-0.013917368
-0.014052074
-0.014148168
-0.014256846
-0.014396116
-0.014485743
-0.014625039
-0.014718149
-0.014879279
-0.014966097
-0.015097629
-0.015194781
-0.015342012
-0.006540682
-0.012768440
-0.012922674
-0.013001516
-0.013130918
-0.013227012
-0.013356972
-0.013460539
-0.013589751
-0.013682850
-0.013801295
-0.013950091
-0.014039297
-0.014173094
-0.014270131
-0.014403418
-0.014510311
-0.014668778
-0.014747325
-0.014869101
-0.014998753
-0.006235633
-0.012466073
-0.012558620
-0.012692604
-0.012789700
-0.012891281
-0.013055876
-0.013132744
-0.013268933
-0.013369966
-0.013501946
-0.013600085
-0.013714265
-0.013868753
-0.013958342
-0.014088534
-0.014192451
-0.014338225
-0.014426250
-0.014547970
-0.005853094
-0.012018740
-0.012172852
-0.012260217
-0.012385268
-0.012483507
-0.012593675
-0.012728058
-0.012828477
-0.012956385
-0.013058018
-0.013217065
-0.013295535
-0.013412584
-0.013548538
-0.013649993
-0.013783593
-0.013886802
-0.013996761
-0.014167346
-0.014241565
-0.005565234
-0.011729933
-0.011853833
-0.011954382
-0.012066200
-0.012197588
-0.012295663
-0.012450080
-0.012531489
-0.012647901
-0.012779761
-0.012877781
-0.013017770
-0.013111044
-0.013230316
-0.013389774
-0.013476770
-0.013609666
-0.013715103
-0.013855476
-0.013956707
-0.005271442
-0.011456292
-0.011551473
-0.011704180
-0.011794258
-0.011900079
-0.012036610
-0.012136258
-0.012268048
-0.012364261
-0.012484629
-0.012640536
-0.012726355
-0.012861542
-0.012959965
-0.013079084
-0.013218835
-0.013319440
-0.013456296
-0.013559844
-0.004912548
-0.011095315
-0.011177201
-0.011285979
-0.011421893
-0.011519194
-0.011653278
-0.011745948
-0.011868615
-0.011998508
-0.012100399
-0.012253977
-0.012343850
-0.012460496
-0.012589794
-0.012699194
-0.012834776
-0.012933053
-0.013053220
-0.013213035
-0.013299849
-0.004676700
-0.010816805
-0.010921709
-0.011052795
-0.011151761
-0.011260398
-0.011399087
-0.011494517
-0.011610102
-0.011763074
-0.011855796
-0.011983279
-0.012090329
-0.012205739
-0.012340169
-0.012444217
-0.012558468
-0.012724053
-0.012804952
-0.012949824
-0.013048511
-0.004439149
-0.010573123
-0.010673869
-0.010783628
-0.010917056
-0.011012536
-0.011177108
-0.011252880
-0.011367880
-0.011511624
-0.011602812
-0.011722382
-0.011856213
-0.011959653
-0.012121696
-0.012206629
-0.012317378
-0.012464564
-0.012561448
-0.012679152
-0.004128505
-0.010204606
-0.010308571
-0.010450158
-0.010544911
-0.010703035
-0.010784045
-0.010901242
-0.011037350
-0.011135500
-0.011250891
-0.011391025
-0.011490822
-0.011606127
-0.011747375
-0.011846550
-0.011965886
-0.012122605
-0.012213893
-0.012353890
-0.012455933
-0.003892481
-0.009999890
-0.010095768
-0.010207154
-0.010368682
-0.010448981
-0.010564931
-0.010702711
-0.010797884
-0.010914411
-0.011054493
-0.011150777
-0.011271868
-0.011408944
-0.011509258
-0.011673484
-0.011759400
-0.011879779
-0.012018532
-0.012122247
-0.003593851
-0.009676173
-0.009770267
-0.009884525
-0.010036159
-0.010125823
-0.010242794
-0.010374680
-0.010473911
-0.010589190
-0.010729216
-0.010827176
-0.010945290
-0.011083506
-0.011188954
-0.011306334
-0.011465210
-0.011555735
-0.011670232
-0.011814781
-0.011912610
-0.003402118
-0.009473670
-0.009572912
-0.009683549
-0.009843789
-0.009925719
-0.010038659
-0.010180991
-0.010278873
-0.010388270
-0.010537557
-0.010630704
-0.010747053
-0.010893337
-0.010992244
-0.011103861
-0.011270929
-0.011362482
-0.011478014
-0.011611495
-0.011725619
-0.003216572
-0.009278670
-0.009383708
-0.009493649
-0.009630185
-0.009729303
-0.009841006
-0.010009229
-0.010089193
-0.010203738
-0.010345951
-0.010446630
-0.010559365
-0.010700420
-0.010806322
-0.010918975
-0.011085343
-0.011170480
-0.011287823
-0.011429369
-0.002945848
-0.008967299
-0.009076107
-0.009213235
-0.009315211
-0.009427391
-0.009563249
-0.009666331
-0.009777892
-0.009940248
-0.010024298
-0.010142811
-0.010283146
-0.010380883
-0.010501694
-0.010639686
-0.010744374
-0.010862183
-0.011026677
-0.011117514
-0.011235245
-0.002778623
-0.008811243
-0.008909166
-0.009024858
-0.009160653
-0.009261943
-0.009372905
-0.009508733
-0.009620436
-0.009729467
-0.009887684
-0.009978086
-0.010089535
-0.010233965
-0.010339126
-0.010452226
-0.010574099
-0.010711424
-0.010818362
-0.010938965
-0.002558887
-0.008511890
-0.008634560
-0.008766178
-0.008863419
-0.008981355
-0.009093996
-0.009230312
-0.009330403
-0.009449992
-0.009588495
-0.009682126
-0.009808131
-0.009970751
-0.010048803
-0.010174192
-0.010292444
-0.010429718
-0.010536607
-0.010657161
-0.010795549
-0.002376392
-0.008348968
-0.008485965
-0.008586079
-0.008697588
-0.008815486
-0.008974764
-0.009058118
-0.009175930
-0.009317305
-0.009413153
-0.009533271
-0.009672299
-0.009773366
-0.009893402
-0.010011069
-0.010171957
-0.010263305
-0.010382082
-0.010519881
-0.010627300
-0.002221223
-0.008200679
-0.008332871
-0.008432947
-0.008549608
-0.008681186
-0.008787021
-0.008898951
-0.009016734
-0.009175356
-0.009264432
-0.009380940
-0.009516478
-0.009623352
-0.009737514
-0.009857528
-0.009999368
-0.010102067
-0.010221999
-0.010382235
-0.001984995
-0.007939372
-0.008049045
-0.008181863
-0.008291740
-0.008397222
-0.008537520
-0.008641474
-0.008752175
-0.008873381
-0.009010572
-0.009109274
-0.009229857
-0.009391826
-0.009476140
-0.009597838
-0.009709053
-0.009856168
-0.009962823
-0.010077417
-0.010218073
-0.001848929
-0.007792011
-0.007909756
-0.008063700
-0.008147020
-0.008268800
-0.008381169
-0.008520141
-0.008621693
-0.008728914
-0.008873228
-0.008980535
-0.009096857
-0.009214383
-0.009352662
-0.009454180
-0.009574663
-0.009692777
-0.009857573
-0.009950437
-0.001621366
-0.007563144
-0.007667735
-0.007780146
-0.007895488
-0.008033857
-0.008131344
-0.008255906
-0.008366410
-0.008502439
-0.008610345
-0.008727804
-0.008886758
-0.008979086
-0.009094197
-0.009213436
-0.009353962
-0.009458262
-0.009576876
-0.009693779
-0.009839542
-0.001506504
-0.007427275
-0.007537913
-0.007699348
-0.007782478
-0.007896610
-0.008012488
-0.008149650
-0.008252319
-0.008368108
-0.008509841
-0.008611236
-0.008729868
-0.008845590
-0.008988444
-0.009090960
-0.009214170
-0.009335544
-0.009495497
-0.009583104
-0.009706903
-0.001395054
-0.007328313
-0.007428728
-0.007547457
-0.007662620
-0.007796813
-0.007897157
-0.008017011
-0.008126378
-0.008295845
-0.008382235
-0.008497901
-0.008633789
-0.008739293
-0.008856725
-0.008982815
-0.009120245
-0.009223290
-0.009345308
-0.009461489
-0.001208488
-0.007086270
-0.007196836
-0.007309802
-0.007471181
-0.007554248
-0.007675238
-0.007789742
-0.007924464
-0.008030526
-0.008145604
-0.008261885
-0.008409292
-0.008507598
-0.008623261
-0.008747041
-0.008911014
-0.008999057
-0.009119835
-0.009239439
-0.009383250
-0.001090404
-0.006980736
-0.007095922
-0.007227216
-0.007336229
-0.007448953
-0.007560611
-0.007704053
-0.007803041
-0.007918734
-0.008041352
-0.008200701
-0.008289967
-0.008409582
-0.008524559
-0.008671321
-0.008773632
-0.008892640
-0.009011663
-0.009134158
-0.000912085
-0.006762497
-0.006880566
-0.006991614
-0.007129256
-0.007234666
-0.007345632
-0.007465374
-0.007617846
-0.007714186
-0.007823352
-0.007941950
-0.008089289
-0.008185796
-0.008309498
-0.008426711
-0.008569330
-0.008669347
-0.008794170
-0.008910779
-0.009081643
-0.000808876
-0.006676372
-0.006783921
-0.006930828
-0.007022787
-0.007137943
-0.007258832
-0.007373240
-0.007514782
-0.007614255
-0.007728700
-0.007851262
-0.007984627
-0.008093443
-0.008208353
-0.008330848
-0.008491267
-0.008583326
-0.008702818
-0.008782566
-0.008931227
-0.000676256
-0.006533701
-0.006634783
-0.006730273
-0.006869227
-0.006965876
-0.007072724
-0.007204976
-0.007324006
-0.007395726
-0.007524379
-0.007633429
-0.007762704
-0.007870231
-0.007954340
-0.008081205
-0.008194309
-0.008332159
-0.008427944
-0.008519683
-0.000347503
-0.006189872
-0.006276596
-0.006365113
-0.006493222
-0.006617825
-0.006710969
-0.006825343
-0.006909031
-0.007034812
-0.007169843
-0.007261079
-0.007356372
-0.007478505
-0.007609468
-0.007712312
-0.007817790
-0.007917672
-0.008042008
-0.008171719
-0.008280877
-0.000097025
-0.005909193
-0.006035030
-0.006132208
-0.006238397
-0.006326776
-0.006449018
-0.006579440
-0.006678816
-0.006785478
-0.006877251
-0.007020716
-0.007117756
-0.007233106
-0.007318966
-0.007446915
-0.007584117
-0.007680979
-0.007791620
-0.007887907
0.000181317
-0.005564038
-0.005669076
-0.005752850
-0.005886696
-0.006008819
-0.006105319
-0.006215475
-0.006303716
-0.006425280
-0.006564863
-0.006658800
-0.006750420
-0.006875906
-0.007007845
-0.007103018
-0.007217158
-0.007309906
-0.007439982
-0.007574126
-0.007673230
0.000405155
-0.005317565
-0.005437404
-0.005573526
-0.005663466
-0.005754013
-0.005875502
-0.006006368
-0.006101001
-0.006213408
-0.006306160
-0.006429851
-0.006562918
-0.006659754
-0.006753623
-0.006873254
-0.006995454
-0.007123154
-0.007218856
-0.007317968
-0.007440992
0.000605661
-0.005136508
-0.005211603
-0.005330220
-0.005442113
-0.005550437
-0.005679522
-0.005756278
-0.005878292
-0.005992386
-0.006099459
-0.006233130
-0.006310362
-0.006435771
-0.006548610
-0.006639529
-0.006791431
-0.006885234
-0.007002115
-0.007113703
0.000904810
-0.004813585
-0.004910029
-0.005022395
-0.005105268
-0.005231965
-0.005363259
-0.005458329
-0.005564254
-0.005660474
-0.005782340
-0.005914766
-0.006014422
-0.006101809
-0.006231826
-0.006338786
-0.006475262
-0.006576587
-0.006665640
-0.006795596
-0.006908875
0.001069386
-0.004622094
-0.004698295
-0.004822008
-0.004931968
-0.005018272
-0.005163297
-0.005257793
-0.005366601
-0.005478878
-0.005571499
-0.005717535
-0.005805589
-0.005929478
-0.006013259
-0.006141521
-0.006254833
-0.006385978
-0.006490193
-0.006578032
0.001338646
-0.004302777
-0.004430071
-0.004503310
-0.004629903
-0.004736904
-0.004846834
-0.004934840
-0.005080376
-0.005178835
-0.005287502
-0.005399100
-0.005487043
-0.005637169
-0.005732644
-0.005847089
-0.005936690
-0.006062541
-0.006182741
-0.006314281
-0.006411441
0.001512129
-0.004125025
-0.004232075
-0.004359879
-0.004431903
-0.004560202
-0.004664253
-0.004777081
-0.004865598
-0.005015105
-0.005111694
-0.005220871
-0.005308781
-0.005438127
-0.005551331
-0.005685825
-0.005778909
-0.005870871
-0.005996697
-0.006122060
-0.006229252
0.001638502
-0.003941994
-0.004064385
-0.004170753
-0.004257578
-0.004381198
-0.004518714
-0.004608318
-0.004717011
-0.004810154
-0.004936509
-0.005045652
-0.005180199
-0.005254850
-0.005381789
-0.005498428
-0.005608041
-0.005704500
-0.005849723
-0.005949721
0.001892149
-0.003665235
-0.003792886
-0.003898017
-0.004026286
-0.004121248
-0.004213776
-0.004330873
-0.004445359
-0.004556816
-0.004686106
-0.004762542
-0.004885416
-0.004996918
-0.005091686
-0.005214475
-0.005332272
-0.005462598
-0.005560271
-0.005651519
-0.005781285
0.002034687
-0.003509969
-0.003653023
-0.003743280
-0.003853694
-0.003960006
-0.004048508
-0.004179519
-0.004285090
-0.004413262
-0.004492033
-0.004614867
-0.004722867
-0.004847631
-0.004928835
-0.005081099
-0.005172338
-0.005289573
-0.005403787
-0.005496074
0.002262425
-0.003271401
-0.003396112
-0.003467433
-0.003589842
-0.003705408
-0.003813300
-0.003899924
-0.004045267
-0.004140079
-0.004252661
-0.004340399
-0.004469577
-0.004575696
-0.004688866
-0.004823856
-0.004902419
-0.005029149
-0.005143318
-0.005232107
-0.005360063
0.002383925
-0.003148079
-0.003247011
-0.003326107
-0.003454864
-0.003563367
-0.003670152
-0.003757399
-0.003909089
-0.003996834
-0.004113503
-0.004203476
-0.004326779
-0.004438713
-0.004549462
-0.004641213
-0.004792757
-0.004889656
-0.004998606
-0.005094394
0.002598498
-0.002888229
-0.002996776
-0.003123153
-0.003194947
-0.003324747
-0.003427379
-0.003520962
-0.003641378
-0.003748152
-0.003887251
-0.003978968
-0.004069570
-0.004195765
-0.004308205
-0.004422922
-0.004511062
-0.004640106
-0.004771486
-0.004867293
-0.004966509
0.002708051
-0.002764337
-0.002871130
-0.002958912
-0.003104769
-0.003195439
-0.003307994
-0.003391061
-0.003519673
-0.003624037
-0.003738903
-0.003826540
-0.003972903
-0.004067004
-0.004178338
-0.004271209
-0.004391566
-0.004511576
-0.004619263
-0.004714981
-0.004859466
0.002818223
-0.002639830
-0.002743132
-0.002835002
-0.002953704
-0.003057044
-0.003148947
-0.003290150
-0.003384940
-0.003492851
-0.003602497
-0.003697142
-0.003818616
-0.003921263
-0.004016597
-0.004160039
-0.004258793
-0.004367746
-0.004479632
-0.004571326
-0.004693426
-0.004805349
-0.004900534
-0.005022012
-0.005162161
-0.005254399
-0.005365722
-0.005459771
-0.005586497
-0.005704116
-0.005812984
-0.005906425
-0.006056208
-0.006155454
-0.006270748
-0.006360661
-0.006496657
-0.006605487
-0.006720826
-0.006815970
-0.006944980
0.001100991
-0.004618857
-0.004709054
-0.004830200
-0.004941702
-0.005052559
-0.005134579
-0.005266797
-0.005393129
-0.005489726
-0.005576976
-0.005702205
-0.014273420
-0.008574102
-0.008668005
-0.008802816
-0.008945148
-0.009043146
-0.009167146
-0.009258728
-0.009395327
-0.009515785
-0.000922948
-0.007018968
-0.007155973
-0.007251441
-0.007364146
-0.007458389
-0.007580120
-0.007691130
-0.007784870
-0.007938940
-0.008026797
-0.008145966
-0.008259181
-0.008349940
-0.017498478
-0.011410717
-0.011519823
-0.011672392
-0.011777472
-0.011898059
-0.012020390
-0.012113884
-0.003032070
-0.009486809
-0.009620376
-0.009722359
-0.009810347
-0.009936973
-0.010056216
-0.010139592
-0.010292832
-0.010398880
-0.010504104
-0.020123765
-0.013686895
-0.013820801
-0.013945058
-0.014091142
-0.014166970
-0.014310874
-0.014433336
-0.014552355
-0.014651295
-0.014812417
-0.005135052
-0.011974562
-0.012066364
-0.012194950
-0.012308054
-0.012445364
-0.012541804
-0.022592630
-0.015880439
-0.016005982
-0.016149897
-0.016251869
-0.016352177
-0.016480636
-0.016611669
-0.016753383
-0.016837057
-0.016981125
-0.017096292
-0.017210521
-0.017358918
-0.017440386
-0.028672375
-0.010048978
-0.017786462
-0.017955724
-0.018060263
-0.018178049
-0.018296499
-0.018391959
-0.018549062
-0.018656168
-0.018776398
-0.018865526
-0.019031439
-0.019126374
-0.019249156
-0.030908473
-0.023125004
-0.023208231
-0.023359541
-0.023480758
-0.023614869
-0.023687176
-0.023795381
-0.023933634
-0.024073571
-0.012313403
-0.020554237
-0.020678479
-0.020820618
-0.032828197
-0.024718326
-0.024853874
-0.024994027
-0.025066834
-0.025206532
-0.025321327
-0.025438521
-0.025522880
-0.025661018
-0.025775976
-0.025885232
-0.025973335
-0.026134644
-0.039498851
-0.030492797
-0.030622173
-0.030739348
-0.030838296
-0.031005800
-0.031115081
-0.017682511
-0.027149521
-0.027218144
-0.027346201
-0.027453583
-0.027569745
-0.027651224
-0.027812943
-0.041655730
-0.032319769
-0.032434437
-0.032563716
-0.032704335
-0.032781191
-0.032916293
-0.033041093
-0.033160601
-0.033243287
-0.033419624
-0.033478610
-0.033655629
-0.033717558
-0.033858836
-0.034006860
-0.049522579
-0.039075181
-0.023622856
-0.034471393
-0.034534838
-0.034674052
-0.034818288
-0.034886420
-0.035052672
-0.035117906
-0.035280187
-0.035343833
-0.035511442
-0.035572194
-0.035711631
-0.035851445
-0.051976174
-0.041111339
-0.041138906
-0.041282535
-0.041393571
-0.041504737
-0.041587189
-0.041749876
-0.041814998
-0.041938491
-0.042028137
-0.042192593
-0.042242747
-0.025841810
-0.037317738
-0.037421532
-0.054161206
-0.042821497
-0.042929590
-0.043005507
-0.043170962
-0.043225441
-0.043356344
-0.043427777
-0.043596312
-0.043648567
-0.043776710
-0.043924358
-0.043968543
-0.044099759
-0.044207148
-0.044316273
-0.044422489
-0.044528179
-0.063424885
-0.050581306
-0.050758429
-0.050847586
-0.050937708
-0.051116060
-0.051162038
-0.051311389
-0.032330513
-0.045538418
-0.045662045
-0.045797065
-0.045843758
-0.045961689
-0.046110153
-0.046147462
-0.046276454
-0.046406884
-0.046454296
-0.066180930
-0.052841064
-0.052899677
-0.053075660
-0.053161297
-0.053235799
-0.053417247
-0.053500652
-0.053615596
-0.053725909
-0.053845529
-0.053944834
-0.054065250
-0.054176796
-0.054246332
-0.054350864
-0.054405160
-0.054531407
-0.054671731
-0.034327272
-0.048433170
-0.069022566
-0.055022024
-0.055116918
-0.055179633
-0.055307686
-0.055396765
-0.055503380
-0.055561364
-0.055715382
-0.055783164
-0.055887014
-0.055974543
-0.056036387
-0.056162372
-0.056249388
-0.056348752
-0.056487761
-0.056475982
-0.056654826
-0.056728657
-0.056817040
-0.056913659
-0.080454558
-0.064381793
-0.064520612
-0.064634830
-0.064790428
-0.064859718
-0.064974084
-0.065075055
-0.041315291
-0.057828784
-0.057925735
-0.058016200
-0.058145896
-0.058207888
-0.058308873
-0.058395803
-0.058446016
-0.058562882
-0.058650069
-0.058751754
-0.058883131
-0.058946803
-0.059039097
-0.059121028
-0.059223942
-0.059310421
-0.059450075
-0.059426717
-0.059620693
-0.084571548
-0.067554601
-0.067652360
-0.067772314
-0.067875817
-0.068032503
-0.068109147
-0.068223178
-0.068318091
-0.068423741
-0.068531126
-0.043197606
-0.060836602
-0.060909346
-0.060993716
-0.061082333
-0.061184250
-0.061262269
-0.061406348
-0.061455239
-0.061553851
-0.061650507
-0.061743595
-0.061838422
-0.061971821
-0.061953351
-0.062067397
-0.062144071
-0.062222604
-0.062304065
-0.062384341
-0.062468085
-0.062551171
-0.062584683
-0.062698245
-0.062777907
-0.062874325
-0.062949643
-0.063032128
-0.063116342
-0.063201107
-0.063274316
-0.063325301
-0.063436314
-0.063511267
-0.038899221
-0.055968594
-0.056041528
-0.056110892
-0.056183722
-0.056207500
-0.056315329
-0.056390855
-0.056498576
-0.056546167
-0.056630895
-0.056693457
-0.082039341
-0.064734593
-0.064825408
-0.064920232
-0.064964801
-0.065084793
-0.065188810
-0.065274671
-0.065354392
-0.065456294
-0.065546937
-0.065649152
-0.065783992
-0.065836102
-0.065890066
-0.066012293
-0.066111632
-0.066188931
-0.066295438
-0.066374481
-0.066481546
-0.040241566
-0.058436856
-0.058477771
-0.058672175
-0.058644082
-0.058754459
-0.058836117
-0.058915392
-0.058999863
-0.059087679
-0.059160363
-0.059240207
-0.059285488
-0.059390921
-0.059576768
-0.059555076
-0.059660949
-0.059746444
-0.059836477
-0.059920020
-0.060013410
-0.060092200
-0.060187332
-0.060316805
-0.060369279
-0.060424022
-0.060529616
-0.060632244
-0.060716040
-0.060813263
-0.060906254
-0.060985964
-0.061086129
-0.061222900
-0.035818093
-0.053410474
-0.053461932
-0.053560540
-0.053641696
-0.053726196
-0.053807661
-0.053882759
-0.054008108
-0.054061525
-0.054138910
-0.054232515
-0.054307953
-0.054353051
-0.054464683
-0.054554623
-0.054639801
-0.054759562
-0.054826103
-0.054911193
-0.055000935
-0.055088304
-0.055175681
-0.055221580
-0.055346224
-0.055427667
-0.055520263
-0.055666335
-0.055721223
-0.055825710
-0.055906840
-0.056004427
-0.056104168
-0.056199152
-0.031606365
-0.048681043
-0.048756070
-0.048877895
-0.048942268
-0.049023993
-0.049096551
-0.049190097
-0.049275838
-0.049355213
-0.049441628
-0.049494553
-0.026775699
-0.042559605
-0.042637452
-0.042746842
-0.042805273
-0.042878136
-0.042960308
-0.043039449
-0.043124318
-0.043152563
-0.043268442
-0.043355480
-0.043432567
-0.043508053
-0.043613058
-0.043679439
-0.043773964
-0.043853778
-0.043982118
-0.044039719
-0.044086713
-0.044206612
-0.022702463
-0.037631478
-0.037720740
-0.037791166
-0.037868101
-0.037952494
-0.037994634
-0.038096383
-0.038179487
-0.038262475
-0.038344819
-0.038424250
-0.038518708
-0.038589809
-0.038680825
-0.038730126
-0.038849950
-0.038935866
-0.039019525
-0.039109033
-0.039206538
-0.039291713
-0.039378744
-0.039437592
-0.039549556
-0.039647520
-0.039736073
-0.039830480
-0.039915599
-0.040024508
-0.040111672
-0.040170234
-0.040295862
-0.019515462
-0.033926249
-0.034034193
-0.034122832
-0.034168683
-0.034278795
-0.034362689
-0.034451775
-0.034540754
-0.034629088
-0.034726605
-0.034808341
-0.034899499
-0.034955438
-0.035075523
-0.035167005
-0.035222199
-0.035340462
-0.035427317
-0.035488378
-0.035614654
-0.015914083
-0.029622521
-0.029696703
-0.029785495
-0.029875249
-0.029882457
-0.030026287
-0.030102532
-0.030198038
-0.030283477
-0.030375309
-0.012098983
-0.024780542
-0.024953358
-0.024950292
-0.025126468
-0.025187794
-0.025285192
-0.025381822
-0.025471430
-0.025530584
-0.025650423
-0.025744047
-0.025875714
-0.025950052
-0.026051041
-0.026117351
-0.026237968
-0.026341133
-0.026444186
-0.026536223
-0.026677448
-0.026723191
-0.026843634
-0.026954189
-0.027052417
-0.027162876
-0.027232811
-0.027357709
-0.027473267
-0.027604688
-0.027620904
-0.027810518
-0.009996720
-0.022411186
-0.022504847
-0.022573780
-0.022691719
-0.022791665
-0.022889238
-0.022957437
-0.023071837
-0.023216769
-0.023288574
-0.023356695
-0.023487769
-0.006855719
-0.018436048
-0.018539395
-0.018638816
-0.018731091
-0.018792264
-0.018916391
-0.019037843
-0.019110311
-0.019185230
-0.019299202
-0.019397032
-0.019459106
-0.019586515
-0.019690514
-0.019756369
-0.019880652
-0.019981097
-0.004207879
-0.015221950
-0.015318606
-0.015381109
-0.015522663
-0.015596036
-0.015660834
-0.015777562
-0.015876830
-0.015939694
-0.016058054
-0.016158964
-0.016223464
-0.016348649
-0.016444162
-0.016510956
-0.016635515
-0.016700480
-0.016830783
-0.016956687
-0.016981214
-0.017160960
-0.017175432
-0.017359845
-0.017434187
-0.017515209
-0.017638206
-0.017712753
-0.017842144
-0.017949436
-0.018026162
-0.002674714
0.000739176
-0.009091992
-0.009151876
-0.009253848
-0.009344328
-0.009407043
-0.009512376
-0.009582557
-0.009687137
-0.009752028
-0.009866461
-0.009930599
-0.010043204
-0.010113083
-0.010224395
-0.010283262
-0.010436852
-0.010451689
-0.010623600
-0.010698840
-0.010769617
-0.010889404
-0.010951441
-0.011076547
-0.011146054
-0.011239290
-0.011361267
-0.011432413
-0.011551488
0.002139226
-0.007443178
-0.007511679
-0.007616427
-0.007686138
-0.007797822
-0.007867970
-0.007981282
-0.008051328
-0.008169185
-0.008231029
-0.008323636
-0.008439139
-0.008509651
-0.008630898
-0.008693203
-0.008818578
-0.008891813
-0.008988123
-0.009105064
-0.009182855
0.003885362
-0.005249515
-0.005338565
-0.005443592
-0.005513582
-0.005627275
-0.005693052
-0.005781367
0.006359041
-0.002132233
-0.002244294
-0.002294496
-0.002379570
-0.002491537
-0.002548020
-0.002632350
-0.002737310
-0.002806578
-0.002913170
-0.002980601
-0.003037617
-0.003217962
-0.003275469
-0.003365830
-0.003512710
-0.003573053
-0.003663328
-0.003787111
-0.003894631
-0.003964014
-0.004091822
-0.004162956
-0.004293051
-0.004370462
-0.004491158
-0.004574433
-0.004668567
0.007196777
-0.001124427
-0.001209594
-0.001352467
-0.001407072
-0.001497991
-0.001594637
-0.001733202
-0.001791190
-0.001882564
-0.001980867
-0.002093419
-0.002196331
-0.002276123
-0.002394427
-0.002468400
-0.002589114
-0.002670024
-0.002787717
-0.002865721
-0.002960425
-0.003077611
-0.003160298
-0.003278580
-0.003360633
-0.016317740
-0.007576503
-0.007712375
-0.007810712
0.005064223
-0.003985055
-0.004065864
-0.004191037
-0.004267760
-0.004390687
-0.004474998
-0.004604742
-0.004681926
-0.004775390
-0.004908741
-0.004985958
-0.005117483
-0.005198713
-0.005324960
-0.005405676
-0.005505476
-0.005632941
-0.005717143
-0.005845707
-0.005925819
-0.006029665
-0.006158795
-0.006265409
-0.006357126
-0.006455597
-0.006552465
-0.006663293
-0.006820567
-0.006880395
0.005788896
-0.003093489
-0.003186584
-0.003281418
-0.003426924
-0.003477909
-0.003572889
-0.003670685
-0.003790844
-0.003894858
-0.003971763
-0.004066560
-0.004157908
-0.004287951
-0.004360132
-0.004479170
-0.004560784
-0.004682641
-0.004760701
-0.004856650
-0.018402804
-0.009263322
-0.009429149
-0.009493422
-0.009604082
-0.009710640
-0.009818397
-0.009926170
-0.010092728
-0.010163449
0.003528766
-0.006066207
-0.006154604
-0.006286465
-0.006362185
-0.006481852
-0.006567013
-0.006696414
-0.006769795
-0.006872211
-0.006971069
-0.007099316
-0.007205583
-0.007285394
-0.007387750
-0.007482544
-0.007584382
-0.007682119
-0.007843286
-0.007899322
-0.008003466
-0.008100588
-0.008227766
-0.008315139
-0.008411638
-0.008546300
-0.008622557
-0.008753780
-0.008834168
-0.008934841
-0.009040706
0.004409175
-0.005055957
-0.005114775
-0.018859416
-0.009571522
-0.009671494
-0.009772129
-0.009906810
-0.010015398
-0.010109093
-0.010202620
-0.010339078
-0.010420587
-0.010523565
-0.010626558
-0.010760672
-0.010878526
-0.010953061
-0.011065394
-0.011165399
-0.011268992
-0.011370871
-0.011543095
-0.011596773
-0.011706252
-0.011810973
-0.011941638
-0.012030229
-0.012135517
-0.012275394
-0.012355138
-0.012487587
0.002111092
-0.008087199
-0.008177865
-0.008274384
-0.008427296
-0.008480918
-0.008571628
-0.008669917
-0.008762907
-0.008860562
-0.009009421
-0.009071212
-0.009164121
-0.009264614
-0.024593916
-0.014219496
-0.014328890
-0.014473405
-0.014560055
-0.014695294
-0.014783278
-0.014895000
-0.015004344
-0.015177660
-0.015237737
-0.015345514
-0.015461940
-0.015567236
-0.015672658
-0.015815046
-0.015938792
-0.016026136
-0.000222698
-0.011265084
-0.011389337
-0.011465143
-0.011590611
-0.011671629
-0.011803910
-0.011874337
-0.011977911
-0.012069810
-0.012202792
-0.012312479
-0.012386415
-0.012485929
-0.012582533
-0.012690715
-0.012850523
-0.012898941
-0.013013534
-0.013102386
-0.013205968
-0.013368215
-0.013423603
-0.013524838
-0.013628345
-0.013729475
-0.013863463
-0.013973083
-0.031114023
-0.019487858
-0.019611813
-0.019754555
-0.019843128
-0.020001691
-0.002770729
-0.014818594
-0.014897201
-0.014993280
-0.015129246
-0.015210807
-0.015343755
-0.015429329
-0.015525885
-0.015632402
-0.015799310
-0.015858166
-0.015964601
-0.016060013
-0.016163129
-0.016332477
-0.016394846
-0.016498949
-0.016599607
-0.016702659
-0.016880054
-0.016935326
-0.017042942
-0.017139543
-0.017245572
-0.017418373
-0.017472632
-0.017579231
-0.017685182
-0.017796874
-0.017967761
-0.018023681
-0.018131949
-0.018243026
-0.001472544
-0.013172414
-0.013270065
-0.013357241
-0.013457835
-0.013616432
-0.013665248
-0.013764560
-0.013858575
-0.013991825
-0.014090214
-0.014168646
-0.014261514
-0.031838052
-0.019994106
-0.020056795
-0.020163722
-0.020279963
-0.020420827
-0.020548355
-0.020626180
-0.020745389
-0.020848811
-0.021029074
-0.021091338
-0.021163266
-0.021275260
-0.021360438
-0.021500763
-0.021576729
-0.021676544
-0.021738343
-0.021940459
-0.021984395
-0.003677104
-0.016427182
-0.016517658
-0.016633954
-0.016698882
-0.016790461
-0.016871557
-0.016995464
-0.017062034
-0.017155264
-0.017231092
-0.017368328
-0.017430052
-0.017514013
-0.017608475
-0.017725836
-0.017799933
-0.017844059
-0.017961863
-0.018128853
-0.018136766
-0.018243331
-0.018344130
-0.018471163
-0.018531147
-0.018620946
-0.018715937
-0.018840205
-0.018910721
-0.019002702
-0.019092966
-0.019222457
-0.019292891
-0.019384257
-0.019478552
-0.019606240
-0.001851987
-0.014170486
-0.014261644
-0.014419205
-0.014414772
-0.014524013
-0.014638685
-0.032799713
-0.020445261
-0.020531859
-0.020675749
-0.020741865
-0.020836063
-0.020940106
-0.021071043
-0.021143038
-0.021236617
-0.021332595
-0.021466613
-0.021539841
-0.021631736
-0.021694377
-0.021888573
-0.021940265
-0.021993518
-0.022195317
-0.022201981
-0.022327088
-0.022419602
-0.022564098
-0.022635471
-0.022727359
-0.022827480
-0.022959802
-0.023030266
-0.023132149
-0.003953185
-0.017307039
-0.017387722
-0.017471988
-0.017597746
-0.017653424
-0.017749820
-0.017825779
-0.017956764
-0.018015813
-0.018060803
-0.018243317
-0.018257391
-0.018356588
-0.018455319
-0.018579096
-0.018641010
-0.018730890
-0.018852428
-0.018916756
-0.019010119
-0.019101646
-0.019230019
-0.019285504
-0.019383557
-0.019510765
-0.019573193
-0.019657861
-0.019791059
-0.019855242
-0.019947391
-0.020045273
-0.020171236
-0.020234805
-0.020332713
-0.020462163
-0.020525102
-0.001880430
-0.014852695
-0.014967591
-0.015022885
-0.015103765
-0.015223213
-0.015278954
-0.015359737
-0.034480996
-0.021509334
-0.021585558
-0.021680325
-0.021810867
-0.021886468
-0.021985263
-0.022075962
-0.022218108
-0.022279680
-0.022376370
-0.022520278
-0.022578962
-0.022680335
-0.022738919
-0.022939548
-0.022989452
-0.023034651
-0.023246463
-0.023254793
-0.023367740
-0.023514669
-0.023584362
-0.023677487
-0.023786299
-0.023914438
-0.023985486
-0.024079308
-0.024220470
-0.003983364
-0.018045459
-0.018163119
-0.018225297
-0.018313590
-0.018396053
-0.018520664
-0.018581569
-0.018665787
-0.018797878
-0.018856306
-0.018946808
-0.019066054
-0.019134466
-0.019217961
-0.019346535
-0.019403286
-0.019462194
-0.019574758
-0.019694600
-0.019767068
-0.019855697
-0.019985285
-0.020045981
-0.020137023
-0.020268366
-0.020331357
-0.020425227
-0.020554755
-0.020614848
-0.020715129
-0.020842839
-0.020906959
-0.020998504
-0.021084871
-0.021219775
-0.021289121
-0.021378860
-0.001894664
-0.015443370
-0.015524887
-0.015645515
-0.015699513
-0.015774563
-0.015898142
-0.015957884
-0.016002264
-0.016105719
-0.016264316
-0.016262107
-0.016373571
-0.016488742
-0.016551349
-0.016625054
-0.016750865
-0.016811118
-0.016896944
-0.017016165
-0.017076980
-0.017161645
-0.017249774
-0.017368376
-0.017433219
-0.017516077
-0.017647993
-0.038539268
-0.024302974
-0.024452392
-0.024518311
-0.024627458
-0.024727199
-0.024867363
-0.024953648
-0.025010623
-0.025215071
-0.025266524
-0.003962338
-0.018858328
-0.018843811
-0.018966448
-0.019056257
-0.019172538
-0.019242100
-0.019330740
-0.019457418
-0.019518130
-0.019609716
-0.019736964
-0.019805152
-0.019887350
-0.019975521
-0.020113833
-0.020170908
-0.020268820
-0.020391900
-0.020467605
-0.020554289
-0.020687234
-0.020746633
-0.020837042
-0.020974126
-0.021034095
-0.021131977
-0.021185350
-0.021376774
-0.021383014
-0.021502394
-0.021631859
-0.021706913
-0.021793600
-0.021932933
-0.021996874
-0.022097539
-0.022229750
-0.022288535
-0.001791418
-0.016085368
-0.016141620
-0.016221192
-0.016308870
-0.016424637
-0.016488373
-0.016567204
-0.016691100
-0.016743187
-0.016833723
-0.016954608
-0.017005526
-0.017092630
-0.017214198
-0.017280165
-0.017364677
-0.017412357
-0.017600365
-0.017595612
-0.017702390
-0.017872959
-0.017871574
-0.017982256
-0.018115774
-0.018168718
-0.018256776
-0.018385138
-0.018455517
-0.018537525
-0.018625505
-0.018754978
-0.018823009
-0.018908512
-0.019040816
-0.019105297
-0.019196015
-0.019328229
-0.019388627
-0.019482296
0.000301793
-0.013492052
-0.013540119
-0.013621993
-0.013733141
-0.013790529
-0.013827901
-0.014006250
-0.014044892
-0.014090154
-0.014186390
-0.014309697
-0.014363986
-0.014444508
-0.014569983
-0.014622986
-0.014704611
-0.014794890
-0.014908601
-0.014967483
-0.015050214
-0.015177894
-0.015226193
-0.015326895
-0.015397206
-0.015529577
-0.015584171
-0.015673760
-0.015794355
-0.015856545
-0.015949499
-0.015996210
-0.016183898
-0.016180024
-0.016292863
-0.016460728
-0.016460221
-0.016575236
-0.016660579
0.002318081
-0.010876302
-0.010960888
-0.011031423
-0.011144754
-0.011199027
-0.011272501
-0.011424430
-0.011485882
-0.011616785
-0.011672955
-0.011805069
-0.011871628
-0.011996612
-0.012063190
-0.012189917
-0.012258779
-0.012346845
-0.012478795
-0.012583870
-0.012649734
-0.012745295
-0.012909345
-0.012962312
-0.013046101
-0.013145160
-0.013310328
-0.013362676
-0.013455682
-0.013552811
-0.013724819
-0.013768326
-0.013853926
-0.013963975
-0.014131255
-0.014186908
-0.014279764
-0.014372211
-0.014551215
-0.014600415
-0.014689319
-0.014797483
-0.014899049
-0.015068572
-0.015117820
-0.015217151
-0.015323408
-0.015494052
-0.015544422
-0.015648328
-0.015744671
-0.015887823
-0.016002905
-0.016000997
-0.016113538
-0.016285215
-0.016282141
-0.016398169
-0.016500078
-0.016617853
-0.016682647
-0.016770758
-0.016866982
-0.016993020
-0.017064113
-0.017148029
-0.017239641
-0.017378476
-0.017437264
-0.017533440
-0.017622590
-0.017670918
-0.017878704
-0.017876092
-0.017989777
-0.018091194
-0.018226955
-0.018287446
-0.018381864
-0.018469911
0.001721781
-0.012327794
-0.012399249
-0.012481324
-0.012599055
-0.012657724
-0.012739047
-0.012820382
-0.012936298
-0.012992080
-0.013081551
-0.013128765
-0.013306465
-0.013302557
-0.013410062
-0.013495997
-0.013622772
-0.013676539
-0.013760116
-0.013852343
-0.013969731
-0.014029376
-0.014117520
-0.014201559
-0.014331743
-0.014387727
-0.014473524
-0.014566246
-0.014650751
-0.014779136
-0.014839161
-0.014883399
-0.015005846
-0.015132949
-0.015195813
-0.015286636
-0.015371095
-0.015502352
-0.015565787
-0.015662372
0.003782373
-0.009764541
-0.009827875
-0.009894617
-0.009981811
-0.010053750
-0.010170225
-0.010261018
-0.010348901
-0.010448359
-0.010606360
-0.010648202
-0.010749303
-0.010839801
-0.011001837
-0.011045326
-0.011139430
-0.011239264
-0.011330884
-0.011499230
-0.011541996
-0.011634305
-0.011738189
-0.011905801
-0.011953678
-0.012046982
-0.012146138
-0.012244649
-0.012411121
-0.012464236
-0.012560930
-0.012657098
-0.012763117
-0.012932327
-0.012982991
-0.013080813
-0.013185028
-0.013354816
-0.013407793
-0.013505004
-0.013608068
0.005233180
-0.007954024
-0.007994182
-0.008080833
-0.008174412
-0.008264959
-0.008420009
-0.008460633
-0.008550677
-0.008644722
-0.008736931
-0.008893643
-0.008934192
-0.009025354
-0.009125710
-0.009251758
-0.009351719
-0.009417772
-0.009517513
-0.009607844
-0.009742055
-0.009842481
-0.009911921
-0.010012124
-0.010136962
-0.010210428
-0.010338202
-0.010407038
-0.010504376
-0.010632180
-0.010706235
-0.010841515
-0.010904443
-0.011043318
-0.011114907
-0.011211544
-0.011303008
-0.011442997
-0.011552002
-0.011619534
0.006628156
-0.006078109
-0.006235637
-0.006272770
-0.006352417
-0.006442558
-0.006533131
-0.006685819
-0.006725803
-0.006814018
-0.006901052
-0.006984636
-0.007082708
-0.007232949
-0.007277522
-0.007369671
-0.007449068
-0.007585760
-0.007651590
-0.007777035
-0.007838890
-0.007931627
-0.008063480
-0.008128703
-0.008225344
-0.008339167
-0.008455981
-0.008519396
-0.008620076
-0.008704435
-0.008801140
-0.008966882
-0.009008236
-0.009100862
-0.009203870
-0.009294547
-0.009392269
-0.009555027
-0.009602167
-0.009695269
-0.009805135
0.007915802
-0.004454739
-0.004515078
-0.004627466
-0.004695393
-0.004805952
-0.004874438
-0.004949246
-0.005043317
-0.005160164
-0.005259030
-0.005320940
-0.005406704
-0.005492479
-0.005583446
-0.005663935
-0.005835626
-0.005864754
-0.005959757
-0.006040163
-0.006166294
-0.006233905
-0.006324712
-0.006448906
-0.006514698
-0.006642375
-0.006709263
-0.006791361
-0.006891526
-0.006985087
-0.007144876
-0.007185586
-0.007285018
-0.007373311
-0.007468648
-0.007563338
-0.007681049
-0.007763065
-0.007891051
-0.007954907
0.009153854
-0.002760798
-0.002847273
-0.002925534
-0.003009647
-0.003091380
-0.003242265
-0.003278069
-0.003358636
-0.003442135
-0.003526181
-0.003647070
-0.003707174
-0.003791127
-0.003911391
-0.004010089
-0.004073568
-0.004163161
-0.004246924
-0.004339997
-0.004421391
-0.004516203
-0.004636187
-0.004731264
-0.004797619
-0.004892357
-0.005016908
-0.005083054
-0.005171325
-0.005259067
-0.005348012
-0.005443878
-0.005611043
-0.005646255
-0.005738039
-0.005832095
-0.005927239
-0.006052852
-0.006121252
-0.006213505
0.010378625
-0.001179397
-0.001319263
-0.001356915
-0.001444940
-0.001525283
-0.001601644
-0.001685049
-0.001800649
-0.001864757
-0.001947947
-0.002024233
-0.002186541
-0.002213310
-0.002303574
-0.002389610
-0.002467550
-0.002562370
-0.002671327
-0.002742324
-0.002825368
-0.002909075
-0.003004353
-0.003082119
-0.003239650
-0.003279708
-0.003371451
-0.003459625
-0.003547806
-0.003667116
-0.003730401
-0.003822729
-0.003908031
-0.003999181
-0.004087958
-0.004216503
-0.004308999
-0.004379809
-0.004466247
-0.004563719
-0.004688084
0.011452064
0.000227772
0.000147276
0.000067424
-0.000009511
-0.000120491
-0.000181172
-0.000262666
-0.000344705
-0.000456676
-0.000542015
-0.000611920
-0.000686303
-0.000770114
-0.000851549
-0.000938185
-0.001057547
-0.001112126
-0.001197588
-0.001278948
-0.001368426
-0.001444500
-0.001566302
-0.001631308
-0.001714863
-0.001834188
-0.001898568
-0.002013803
-0.002084579
-0.002166867
-0.002249282
-0.002346192
-0.002426121
-0.002553504
-0.002614260
-0.002699524
-0.002787717
-0.002881642
-0.002967350
-0.003090024
0.012532696
0.001661446
0.001589771
0.001505870
0.001436565
0.001280047
0.001255605
0.001178704
0.001093149
0.001020465
0.000903249
0.000848010
0.000772376
0.000685707
0.000610176
0.000529334
0.000415102
0.000352360
0.000270534
0.000190429
0.000110853
0.000026621
-0.000093266
-0.000148907
-0.000230785
-0.000316128
-0.000397366
-0.000486717
-0.000564396
-0.000683155
-0.000752687
-0.000830274
-0.000912104
-0.001067735
-0.001109350
-0.001189899
-0.001286130
-0.001361929
-0.001452994
-0.001573872
0.013549354
0.003029048
0.002949856
0.002882876
0.002806474
0.002728987
0.002615847
0.002565224
0.002489559
0.002410434
0.002338864
0.002251614
0.002150230
0.002090260
0.002008941
0.001931734
0.001856778
0.001772515
0.001665358
0.001601461
0.001526058
0.001445338
0.001365803
0.001279343
0.001173440
0.001110151
0.001028974
0.000947785
0.000861399
0.000782039
0.000702020
0.000581041
0.000522044
0.000439193
0.000363246
0.000270423
0.000191126
0.000075392
0.000009965
-0.000072818
0.014537975
0.004360266
0.004283924
0.004176579
0.004127640
0.004051395
0.003980979
0.003901262
0.003828030
0.003722485
0.003660858
0.003597558
0.003509156
0.003440116
0.003358193
0.003281031
0.003176205
0.003118098
0.003044367
0.002959602
0.002887703
0.002809301
0.002695784
0.002640132
0.002556637
0.002480164
0.002403028
0.002319507
0.002206713
0.002152856
0.002068777
0.001988262
0.001906011
0.001828399
0.001713820
0.001652461
0.001577746
0.001493067
0.001408499
0.001324575
0.015466437
0.005643591
0.005522285
0.005466901
0.005398270
0.005323790
0.005255148
0.005180653
0.005105082
0.005004227
0.004944909
0.004877005
0.004804321
0.004722983
0.004657973
0.004542589
0.004491568
0.004418425
0.004338901
0.004269853
0.004192580
0.004084833
0.004025660
0.003952049
0.003876053
0.003794856
0.003717232
0.003615394
0.003552716
0.003474526
0.003396332
0.003345788
0.003251959
0.003174812
0.003090739
0.002980318
0.002920732
0.002844326
0.002762068
0.002685647
0.002605107
0.016307831
0.006729566
0.006681658
0.006611753
0.006534386
0.006471615
0.006399419
0.006295033
0.006247323
0.006170034
0.006102700
0.006062891
0.005967047
0.005895041
0.005826481
0.005719233
0.005664662
0.005597930
0.005522959
0.005443454
0.005373895
0.005273093
0.005212098
0.005143709
0.005065355
0.004992295
0.004911125
0.004815701
0.004812896
0.004665364
0.004616108
0.004531439
0.004459105
0.004377995
0.004303914
0.004191134
0.004134502
0.004056402
0.003978290
0.003900174
0.017156422
0.007920973
0.007817067
0.007772222
0.007728919
0.007646449
0.007567368
0.007503543
0.007431481
0.007365253
0.007260337
0.007209826
0.007139049
0.007068258
0.006995738
0.006926127
0.006822471
0.006829616
0.006689530
0.006638426
0.006563593
0.006492864
0.006415751
0.006343931
0.006241530
0.006187044
0.006111741
0.006039359
0.005962316
0.005894564
0.005842779
0.005749021
0.005644944
0.005587056
0.005518191
0.005439363
0.005358923
0.005283773
0.005179770
0.005122483
0.017943162
0.009038717
0.008950327
0.008886307
0.008812446
0.008749723
0.008652303
0.008600537
0.008533798
0.008467592
0.008401912
0.008328121
0.008291937
0.008195065
0.008107126
0.008051842
0.007982247
0.007912643
0.007841304
0.007767696
0.007670533
0.007618897
0.007546458
0.007504582
0.007413056
0.007340055
0.007269967
0.007196952
0.007094007
0.007043626
0.006971776
0.006893005
0.006824184
0.006779432
0.006684490
0.006612726
0.006505184
0.006450869
0.006374549
0.006306324
0.018712051
0.010064874
0.010020960
0.009938002
0.009846989
0.009803236
0.009728838
0.009668503
0.009598203
0.009538386
0.009465151
0.009427257
0.009315509
0.009263176
0.009198800
0.009130299
0.009064715
0.008991014
0.008925535
0.008830003
0.008812316
0.008721240
0.008619964
0.008517131
0.008455180
0.008378260
0.008267295
0.008208357
0.008158531
0.008027934
0.007968433
0.007861000
0.007800288
0.007689383
0.007629309
0.007514387
0.007459603
0.007433362
0.007340774
0.019358229
0.010981653
0.010861143
0.010807090
0.010709215
0.010651685
0.010614954
0.010490946
0.010435779
0.010335065
0.010277618
0.010203470
0.010103382
0.010076486
0.009954393
0.009897556
0.009822834
0.009720445
0.009664774
0.009564094
0.009500306
0.009454511
0.009330202
0.009267703
0.009167220
0.009111617
0.009001162
0.008942202
0.008896999
0.008765187
0.008705128
0.008634627
0.008520126
0.008464694
0.008357216
0.008295920
0.008240931
0.008113936
0.008054461
0.007943604
0.019714072
0.011480682
0.011431776
0.011388529
0.011272073
0.011214502
0.011149533
0.011046942
0.010992926
0.010891635
0.010869369
0.010777183
0.010677595
0.010621272
0.010524049
0.010464251
0.010369401
0.010337248
0.010245778
0.010139339
0.010088380
0.009985384
0.009926844
0.009880986
0.009757821
0.009701639
0.009622920
0.009522371
0.009464439
0.009357501
0.009332512
0.009232949
0.009123188
0.009072363
0.008961923
0.008904703
0.008794367
0.008768901
0.008669399
0.008556772
0.020073760
0.012050785
0.011949264
0.011926889
0.011811048
0.011766188
0.011686571
0.011592820
0.011542216
0.011444874
0.011416722
0.011328068
0.011229631
0.011177912
0.011079457
0.011025995
0.010978844
0.010861412
0.010806855
0.010706749
0.010649912
0.010579836
0.010500450
0.010427557
0.010355189
0.010252234
0.010200653
0.010091309
0.010039829
0.009991623
0.009870213
0.009811141
0.009705983
0.009652197
0.009544104
0.009515695
0.009418551
0.009314008
0.009263102
0.009153776
0.020409588
0.012587857
0.012478895
0.012423512
0.012360197
0.012260452
0.012212735
0.012167215
0.012057796
0.012004219
0.011907477
0.011859186
0.011759508
0.011738323
0.011643220
0.011549480
0.011493705
0.011401676
0.011342961
0.011303969
0.011181820
0.011129040
0.011029523
0.010975003
0.010900863
0.010833092
0.010756552
0.010685310
0.010585211
0.010526646
0.010423191
0.010400496
0.010304954
0.010203205
0.010148175
0.010044683
0.010015029
0.009920757
0.009819623
0.009758834
0.020731714
0.013065320
0.013029624
0.012915421
0.012868207
0.012777712
0.012722917
0.012658454
0.012589872
0.012522478
0.012451615
0.012357205
0.012304869
0.012268677
0.012152784
0.012103882
0.012004782
0.011953063
0.011855796
0.011831179
0.011740219
0.011645313
0.011593018
0.011489991
0.011442449
0.011401635
0.011280049
0.011226106
0.011126615
0.011073850
0.011026200
0.010906540
0.010854404
0.010780267
0.010683116
0.010621659
0.010579925
0.010458488
0.010405768
0.010301664
0.021071121
0.013587840
0.013479438
0.013430987
0.013341643
0.013293181
0.013200365
0.013178468
0.013093147
0.012997508
0.012953244
0.012858126
0.012836851
0.012745772
0.012656596
0.012609370
0.012536153
0.012471154
0.012400303
0.012331828
0.012230504
0.012184668
0.012086783
0.012064476
0.011974625
0.011875652
0.011826318
0.011732511
0.011703786
0.011614017
0.011517387
0.011462830
0.011363916
0.011339389
0.011250772
0.011147190
0.011093903
0.021491636
0.014254428
0.014173649
0.023324154
0.016928449
0.016874015
0.016797639
0.016780507
0.016680516
0.016640484
0.016580299
0.016503476
0.016486429
0.016407810
0.016330432
0.016288631
0.016203672
0.016189635
0.016108718
0.016030233
0.015983872
0.015898466
0.015884515
0.015805949
0.015718792
0.015678361
0.015592918
0.015573751
0.015496999
0.015407544
0.015367735
0.015324939
0.015227001
0.015183058
0.015091304
0.015048657
0.015009403
0.014906250
0.014857206
0.014795579
0.014708553
0.014691796
0.014579307
0.023566902
0.017297614
0.017246690
0.017188728
0.017131414
0.017049357
0.017009377
0.016980357
0.016876947
0.016837604
0.016757898
0.016738631
0.016662434
0.016586829
0.016545605
0.016454305
0.016442161
0.016362473
0.016284030
0.016235981
0.016203664
0.016105592
0.016056988
0.015977442
0.015931744
0.015892480
0.015792232
0.015755277
0.015662286
0.015646718
0.015563071
0.015481863
0.015436232
0.015395842
0.015297927
0.015250549
0.015162930
0.015119113
0.015079882
0.023792576
0.017695300
0.017635014
0.017582946
0.017525032
0.017447025
0.017406981
0.017377362
0.017277997
0.017236862
0.017183680
0.017121192
0.017070383
0.017009612
0.016929939
0.016914159
0.016809680
0.016777914
0.016717110
0.016654696
0.016601034
0.016540337
0.016459543
0.016439181
0.016363621
0.016278818
0.016237814
0.016154721
0.016134985
0.016058855
0.015980396
0.015930600
0.015895996
0.015795104
0.015750054
0.015667029
0.015647896
0.015569448
0.015482951
0.015440252
0.024029553
0.018004026
0.017964471
0.017889861
0.017869309
0.017802317
0.017724231
0.017688759
0.017652683
0.017559741
0.017518528
0.017440531
0.017419513
0.017352596
0.017273389
0.017229881
0.017195724
0.017102852
0.017060518
0.017029803
0.016929343
0.016890567
0.016809702
0.016788736
0.016717218
0.016630616
0.016597115
0.016554784
0.016459696
0.016416878
0.016334355
0.016313456
0.016240817
0.016154818
0.016115543
0.016077932
0.015979338
0.015935395
0.015850022
0.015830923
0.024177678
0.018308897
0.018275108
0.018240716
0.018151186
0.018112198
0.018034693
0.018020544
0.017953463
0.017873023
0.017856594
0.017786693
0.017708085
0.017670356
0.017638408
0.017544281
0.017503079
0.017425094
0.017409272
0.017331872
0.017257445
0.017220862
0.017181952
0.017087363
0.017047957
0.017017789
0.016919605
0.016874999
0.016798258
0.016777840
0.016703416
0.016623199
0.016582675
0.016546197
0.016453926
0.016410999
0.016324375
0.016308136
0.016231395
0.016144872
0.024393681
0.018641472
0.018570833
0.018532317
0.018501423
0.018407818
0.018375244
0.018299390
0.018281706
0.018216394
0.018136527
0.018101659
0.018067919
0.017979577
0.017938849
0.017912660
0.017813809
0.017779563
0.017700307
0.017683871
0.017615691
0.017537612
0.017496958
0.017462738
0.017374448
0.017327398
0.017295007
0.017206162
0.017160289
0.017081209
0.017066017
0.016993243
0.016911224
0.016873006
0.016839374
0.016747024
0.016700029
0.016664770
0.016569063
0.016530275
0.024528850
0.018958777
0.018892772
0.018818058
0.018784229
0.018756177
0.018667679
0.018629182
0.018596582
0.018511109
0.018472061
0.018395692
0.018387865
0.018314887
0.018241420
0.018223744
0.018158436
0.018080305
0.018042523
0.018016897
0.009374160
0.015205037
0.015119191
0.015096698
0.015019543
0.014935404
0.014915157
0.014839053
0.023488831
0.017440572
0.008618720
0.014554970
0.014514178
0.014476120
0.014367785
0.014329240
0.014226548
0.014221609
0.014132675
0.014042843
0.023049459
0.024715137
0.011233445
0.016656194
0.016627736
0.016526613
0.016488370
0.016406309
0.016392253
0.016314231
0.016233999
0.016195185
0.016160958
0.016057644
0.016024116
0.015990406
0.015885878
0.015843689
0.015765794
0.015747674
0.015671436
0.015588872
0.015543733
0.015510209
0.015410401
0.015366435
0.015282765
0.015267633
0.015187349
0.015103124
0.015089165
0.015005402
0.014921814
0.014879644
0.014836874
0.014744144
0.014693193
0.014605574
0.014587693
0.014513295
0.023270760
0.017149109
0.017115951
0.017025266
0.016985118
0.016953133
0.016862433
0.016822267
0.016740136
0.016728926
0.016654294
0.016577985
0.016534992
0.016509995
0.016403034
0.016367171
0.016316228
0.016253054
0.016202755
0.016113106
0.016078405
0.016041260
0.015951235
0.015905909
0.015867669
0.015774827
0.015729599
0.015671253
0.015612904
0.015559733
0.015466679
0.015429765
0.015395589
0.015292857
0.015253544
0.015191689
0.015135672
0.015072078
0.015010323
0.014929015
0.023541275
0.017511528
0.017474249
0.017445669
0.017351992
0.017314158
0.017260820
0.017207477
0.017152403
0.017098513
0.017018687
0.017008595
0.016912606
0.016871922
0.016820390
0.016763005
0.016709734
0.016653530
0.016576041
0.016557258
0.016484469
0.016409349
0.016392279
0.016290620
0.016253572
0.016200896
0.016137190
0.016081166
0.016029127
0.015938938
0.015929624
0.015855040
0.015770674
0.015729573
0.015673507
0.015612781
0.015552711
0.015474811
0.015451498
0.015380561
0.023723695
0.017915793
0.017845720
0.017777968
0.017738227
0.017683100
0.017635539
0.017577481
0.017510355
0.017490793
0.017419066
0.017347932
0.017307729
0.017276876
0.017187305
0.017101604
0.017051063
0.016993776
0.016906980
0.016862258
0.016795658
0.016739536
0.016650986
0.016579773
0.016558144
0.016453002
0.016384151
0.016333114
0.016274143
0.016180478
0.016141102
0.016046226
0.016024124
0.015920773
0.015847869
0.015776154
0.015751101
0.015645456
0.015567996
0.023822471
0.018038198
0.017990328
0.017912708
0.017868940
0.017809130
0.017731491
0.017661773
0.017645754
0.017545030
0.017482325
0.017432787
0.017374244
0.017314501
0.017228823
0.017186947
0.017123725
0.017045598
0.016970742
0.016951967
0.016851943
0.016780641
0.016734187
0.016675685
0.016588867
0.016542394
0.016452756
0.016434047
0.016331166
0.016256474
0.016238932
0.016132575
0.016060241
0.016016752
0.015947267
0.015863530
0.015818827
0.015721664
0.015677720
0.015618689
0.023720227
0.018017262
0.018001828
0.017908599
0.017841715
0.017818689
0.017727293
0.017682321
0.017600033
0.017562080
0.017494678
0.017417140
0.017349783
0.017332010
0.017230727
0.017158821
0.017123327
0.017054804
0.016974416
0.016934786
0.016867440
0.016809501
0.016721513
0.016659509
0.016630758
0.016532555
0.016457237
0.016416065
0.016349435
0.016269088
0.016219668
0.016132932
0.016107820
0.016008489
0.015937231
0.015915554
0.015806906
0.015735205
0.015665226
0.015644178
0.023652442
0.018032517
0.017953616
0.017916128
0.017857298
0.017774917
0.017708682
0.017690305
0.017593063
0.017528001
0.017507877
0.017415266
0.017363358
0.017289270
0.017241996
0.017184526
0.017098200
-0.021301892
-0.021325441
-0.021421352
-0.021482812
-0.021524183
-0.021582782
-0.021612531
-0.021682095
-0.021690682
-0.021755656
-0.021826414
-0.021854015
-0.021879949
-0.021959944
-0.021993507
-0.022059197
-0.022087572
-0.022103254
-0.022184143
-0.022213293
-0.022275764
-0.022307837
-0.022318987
-0.014432367
-0.019931793
-0.019983953
-0.020005176
-0.020013582
-0.020088272
-0.020103654
-0.020135188
-0.020193843
-0.020210417
-0.020221209
-0.020221569
-0.020281296
-0.020291669
-0.020318078
-0.020343293
-0.020363322
-0.020385200
-0.020408269
-0.020458996
-0.020468179
-0.020489400
-0.020507820
-0.020533275
-0.020537330
-0.020575240
-0.020591931
-0.020639321
-0.020648086
-0.020669427
-0.020690231
-0.020712227
-0.020732496
-0.020779885
-0.020783463
-0.020806652
-0.020821733
-0.020853685
-0.020865191
-0.020916156
-0.020918006
-0.013359044
-0.018591737
-0.018635489
-0.018656712
-0.018654389
-0.018671677
-0.018687772
-0.018705595
-0.018718768
-0.018760256
-0.018759662
-0.018777486
-0.018792389
-0.018813670
-0.018826189
-0.018861298
-0.018864280
-0.018897660
-0.018908748
-0.018918347
-0.018951192
-0.018958287
-0.018971462
-0.018985290
-0.019000312
-0.019022249
-0.019056704
-0.019072322
-0.019078881
-0.019094976
-0.019128356
-0.019130802
-0.019141175
-0.019160310
-0.019174140
-0.019237561
-0.019215748
-0.019238340
-0.019242872
-0.019266119
-0.019277029
-0.019313985
-0.019338902
-0.012189498
-0.017119996
-0.017134182
-0.017161543
-0.017160889
-0.017170427
-0.017207086
-0.017218949
-0.017214837
-0.017231945
-0.017235642
-0.017248755
-0.017302701
-0.017285358
-0.017293166
-0.017305089
-0.017315818
-0.017324820
-0.017379956
-0.017359156
-0.017367622
-0.017384192
-0.017408095
-0.017409826
-0.017441835
-0.017435340
-0.017445533
-0.017479926
-0.017473431
-0.017506097
-0.017495606
-0.017531848
-0.017526545
-0.017533282
-0.017542401
-0.017580908
-0.017588777
-0.017581329
-0.017598018
-0.017626034
-0.017685344
-0.017694108
-0.017694706
-0.017707344
-0.017748296
-0.017792108
-0.017774943
-0.011077834
-0.015733853
-0.015731888
-0.015783984
-0.015768906
-0.015800260
-0.015797758
-0.015830304
-0.015864102
-0.015850872
-0.015867861
-0.015893374
-0.015893254
-0.015943088
-0.015926935
-0.015958946
-0.015954178
-0.015990837
-0.016000971
-0.016022252
-0.016020942
-0.016050031
-0.016046457
-0.016098673
-0.016079064
-0.016111730
-0.016111610
-0.016135514
-0.016157987
-0.016173963
-0.016165202
-0.016201980
-0.016193757
-0.016241442
-0.016226601
-0.016255809
-0.016249433
-0.016279297
-0.016298313
-0.016309759
-0.016304037
-0.016336821
-0.016330445
-0.016382780
-0.016358642
-0.016392618
-0.016382784
-0.016435774
-0.016409371
-0.016442275
-0.016433096
-0.016464807
-0.016476372
-0.016490322
-0.016490441
-0.016510470
-0.010148291
-0.014567977
-0.014552956
-0.014574952
-0.014563747
-0.014593968
-0.014601122
-0.014610123
-0.014606488
-0.014624489
-0.014618590
-0.014659719
-0.014641241
-0.014665620
-0.014649230
-0.014679570
-0.014687379
-0.014695845
-0.014689944
-0.014712058
-0.014703237
-0.014740373
-0.014722015
-0.014741864
-0.014731971
-0.014755933
-0.014763861
-0.014776438
-0.014762431
-0.014780671
-0.014776083
-0.014814409
-0.014787409
-0.014813219
-0.014798139
-0.014822220
-0.014829076
-0.014837123
-0.014822699
-0.014849701
-0.014834621
-0.014875988
-0.014850180
-0.014867347
-0.014856499
-0.014857572
-0.014901860
-0.014890417
-0.014879568
-0.014899656
-0.014885888
-0.014926181
-0.014897571
-0.014914857
-0.014902936
-0.014902936
-0.014923680
-0.014949132
-0.014939000
-0.014970293
-0.014976792
-0.014969043
-0.015012437
-0.015012320
-0.015022394
-0.015033660
-0.015027641
-0.015069843
-0.015064539
-0.015074734
-0.015088384
-0.015078908
-0.015102751
-0.015134224
-0.015130648
-0.015117178
-0.015142869
