0.699999988
0.699999988
0.699999988
0.699999988
0.699999988
0.699999988
0.699999988
0.699999988
0.699999988
0.699999988
0.699999988
0.699999988
0.699999988
0.699999988
0.699999988
0.699999988
0.699999988
0.699999988
0.699999988
0.699999988
0.699999988
0.699999988
0.699999988
0.699999988
0.699999988
0.699999988
0.699999988
0.699999988
0.699999988
0.699999988
0.699999988
0.699999988
0.699999988
0.699999988
0.699999988
0.699999988
0.699999988
0.699999988
0.699999988
0.699999988
0.699999988
0.699999988
0.699999988
0.699999988
0.699999988
0.699999988
0.699999988
0.699999988
0.699999988
0.699999988
0.699999988
0.699999988
0.699999988
0.699999988
0.699999988
0.699999988
0.699999988
0.699999988
0.699999988
0.699999988
0.699999988
0.699999988
0.699999988
0.699999988
0.699999988
0.699999988
0.699999988
0.699999988
0.699999988
0.699999988
0.699999988
0.699999988
0.699999988
0.699999988
0.699999988
0.699999988
0.699999988
0.699999988
0.699999988
0.699999988
0.699999988
0.699999988
0.699999988
0.699999988
0.699999988
0.699999988
0.699999988
0.699999988
0.699999988
0.699999988
0.699999988
0.699999988
0.699999988
0.699999988
0.699999988
0.699999988
0.699999988
0.699999988
0.699999988
0.699999988
0.699999988
0.699999988
0.699999988
0.699999988
0.699999988
0.699999988
0.699999988
0.699999988
0.699999988
0.699999988
0.699999988
0.699999988
0.699999988
0.699999988
0.699999988
0.699999988
0.699999988
0.699999988
0.699999988
0.699999988
0.699999988
0.699999988
0.699999988
0.699999988
0.699999988
0.699999988
0.699999988
0.699999988
0.699999988
0.699999988
0.699999988
0.699999988
0.699999988
0.699999988
0.699999988
0.699999988
0.699999988
0.699999988
0.699999988
0.699999988
0.699999988
0.699999988
0.699999988
0.699999988
0.699999988
0.699999988
0.699999988
0.699999988
0.699999988
0.699999988
0.699999988
0.699999988
0.699999988
0.699999988
0.699999988
0.699999988
0.699999988
0.699999988
0.699999988
0.699999988
0.699999988
0.699999988
0.699999988
0.699999988
0.699999988
0.699999988
0.699999988
0.699999988
0.699999988
0.699999988
0.699999988
0.699999988
0.699999988
0.699999988
0.699999988
0.699999988
0.699999988
0.699999988
0.699999988
0.699999988
0.699999988
0.699999988
0.699999988
0.699999988
0.699999988
0.699999988
0.699999988
0.699999988
0.699999988
0.699999988
0.699999988
0.699999988
0.699999988
0.699999988
0.699999988
0.699999988
0.699999988
0.699999988
0.699999988
0.699999988
0.699999988
0.699999988
0.699999988
0.699999988
0.699999988
0.699999988
0.699999988
0.699999988
0.699999988
0.699999988
0.699999988
0.699999988
0.699999988
0.699999988
0.699999988
0.699999988
0.699999988
0.699999988
0.699999988
0.699999988
0.699999988
0.699999988
0.699999988
0.699999988
0.699999988
0.699999988
0.699999988
0.699999988
0.699999988
0.699999988
0.699999988
0.699999988
0.699999988
0.699999988
0.699999988
0.699999988
0.699999988
0.699999988
0.699999988
0.699999988
0.699999988
0.699999988
0.699999988
0.699999988
0.699999988
0.699999988
0.699999988
0.699999988
0.699999988
0.699999988
0.699999988
0.699999988
0.699999988
0.699999988
0.699999988
0.699999988
0.699999988
0.699999988
0.699999988
0.699999988
0.699999988
0.699999988
0.699999988
0.699999988
0.699999988
0.699999988
0.699999988
0.699999988
0.699999988
0.699999988
0.699999988
0.699999988
0.699999988
0.699999988
0.699999988
0.699999988
0.699999988
0.699999988
0.699999988
0.699999988
0.699999988
0.699999988
0.699999988
0.699999988
0.699999988
0.699999988
0.699999988
0.699999988
0.699999988
0.699999988
0.699999988
0.699999988
0.699999988
0.699999988
0.699999988
0.699999988
0.699999988
0.699999988
0.699999988
0.699999988
0.699999988
0.699999988
0.699999988
0.699999988
0.699999988
0.699999988
0.699999988
0.699999988
0.699999988
0.699999988
0.699999988
0.699999988
0.699999988
0.699999988
0.699999988
0.699999988
0.699999988
0.699999988
0.699999988
0.699999988
0.699999988
0.699999988
0.699999988
0.699999988
0.699999988
0.699999988
0.698811948
0.697150588
0.695495009
0.693844914
0.692201436
0.690562367
0.688930094
0.687303066
0.685681760
0.684065878
0.682455659
0.680851698
0.679253519
0.677661419
0.676073074
0.674491346
0.672915578
0.671344638
0.669767618
0.668203056
0.666647434
0.665098846
0.663555443
0.662015259
0.660480738
0.658954620
0.657433033
0.655915678
0.654404342
0.652898550
0.651399195
0.649903178
0.648415685
0.646932304
0.645454764
0.643981338
0.642514706
0.641053677
0.639597058
0.638146698
0.636700988
0.635248721
0.633817315
0.632377565
0.630958676
0.629537880
0.628122926
0.626715124
0.625311553
0.623912215
0.622521043
0.621132672
0.619749784
0.618373036
0.617003798
0.615635931
0.614275992
0.612920702
0.611569583
0.610225379
0.608886659
0.607551038
0.606224000
0.604899406
0.603582561
0.602267742
0.600947082
0.599650025
0.598340511
0.597054303
0.595764160
0.594481587
0.593202353
0.591930211
0.590661705
0.589399159
0.588141859
0.586888611
0.585642457
0.584400237
0.583162546
0.581931055
0.580703020
0.579481661
0.578264654
0.577051818
0.575845957
0.574643910
0.573448062
0.572254777
0.571068287
0.569887221
0.568699419
0.567523062
0.566361666
0.565197349
0.564039528
0.562886775
0.561739087
0.560594678
0.559457064
0.558323383
0.557194591
0.556071579
0.554952145
0.553838968
0.552729070
0.551624179
0.550525546
0.549430192
0.548339844
0.547254264
0.546174645
0.545098841
0.544027805
0.542954683
0.541895807
0.540840030
0.539785981
0.538738906
0.537694216
0.536656320
0.535622716
0.534587026
0.533567429
0.532545090
0.531530678
0.530519247
0.529512405
0.528510451
0.527512610
0.526520550
0.525531411
0.524547637
0.523568273
0.522593617
0.521623373
0.520657897
0.519693673
0.518737316
0.517785907
0.516836762
0.515894115
0.514953196
0.514020264
0.513088226
0.512162745
0.511241913
0.510322213
0.509410560
0.508502185
0.507597208
0.506696641
0.505800903
0.504909098
0.504022002
0.503138006
0.502259552
0.501384676
0.500513375
0.499647737
0.498783946
0.497926593
0.497073770
0.496222734
0.495375752
0.494535089
0.493697226
0.492863417
0.492033839
0.491209686
0.490387857
0.489569545
0.488757968
0.487947524
0.487142205
0.486341059
0.485542536
0.484750032
0.483960271
0.483174443
0.482392430
0.481615186
0.480836332
0.480069399
0.479301572
0.478541315
0.477781475
0.477027655
0.476275325
0.475527644
0.474784374
0.474045098
0.473308146
0.472576320
0.471847773
0.471122682
0.470403314
0.469684601
0.468972564
0.468254983
0.467551589
0.466849446
0.466149032
0.465454400
0.464761972
0.464065015
0.463383913
0.462702811
0.462024391
0.461350501
0.460677922
0.460011065
0.459347188
0.458686769
0.458029330
0.457376838
0.456725538
0.456078589
0.455436528
0.454795897
0.454159081
0.453526914
0.452897310
0.452270985
0.451648474
0.451027393
0.450403154
0.449794412
0.449184537
0.448578298
0.447973669
0.447374701
0.446778297
0.446183205
0.445594966
0.445006311
0.444423258
0.443841875
0.443265259
0.442690372
0.442119539
0.441551924
0.440986753
0.440425396
0.439865947
0.439310789
0.438758194
0.438208818
0.437652588
0.437114775
0.436573923
0.436037362
0.435503066
0.434959650
0.434436440
0.433911324
0.433388650
0.432869196
0.432349265
0.431837022
0.431325674
0.430817246
0.430313289
0.429810226
0.429310799
0.428813577
0.428321362
0.427830040
0.427341640
0.426858306
0.426364481
0.425890684
0.425414741
0.424938738
0.424469113
0.423999608
0.423535109
0.423069715
0.422610581
0.422152221
0.421698809
0.421246171
0.420796096
0.420350313
0.419905722
0.419463813
0.419026196
0.418588996
0.418156624
0.417725086
0.417297244
0.416859329
0.416441858
0.416021466
0.415602863
0.415186226
0.414774418
0.414362192
0.413954854
0.413549304
0.413145602
0.412746131
0.412346959
0.411951661
0.411558867
0.411167204
0.410780191
0.410393536
0.410010874
0.409629166
0.409250498
0.408874989
0.408488572
0.408122838
0.407753289
0.407386065
0.407020390
0.406658053
0.406298161
0.405939698
0.405584395
0.405230761
0.404878736
0.404531062
0.404184461
0.403840184
0.403498948
0.403158665
0.402822018
0.402486205
0.402140975
0.401816189
0.401486337
0.401149571
0.400828481
0.400505424
0.400185287
0.399865091
0.399548709
0.399233639
0.398919821
0.398612201
0.398301601
0.397995770
0.397691607
0.397390366
0.397089601
0.396790922
0.396495998
0.396202207
0.395909131
0.395619392
0.395332694
0.395045698
0.394752502
0.394475520
0.394194961
0.393915355
0.393640101
0.393365443
0.393091917
0.392821014
0.392553627
0.392286241
0.392021418
0.391757667
0.391497493
0.391237676
0.390980363
0.390723705
0.390470922
0.390219331
0.389968395
0.389720440
0.389472902
0.389222145
0.388981819
0.388740897
0.388500273
0.388262749
0.388026595
0.387791395
0.387558401
0.387328327
0.387098491
0.386871040
0.386645377
0.386420786
0.386198699
0.385977387
0.385758698
0.385540962
0.385325611
0.385112047
0.384900451
0.384681404
0.384475708
0.384267509
0.384061933
0.383857131
0.383653343
0.383450866
0.383252442
0.383054316
0.382856905
0.382662773
0.382468700
0.382276952
0.382085919
0.381897271
0.381709397
0.381523967
0.381339967
0.381155133
0.380975783
0.380794883
0.380612075
0.380435765
0.380260229
0.380085707
0.379912555
0.379740834
0.379570723
0.379401207
0.379235387
0.379068196
0.378903687
0.378741384
0.378578484
0.378418326
0.378258646
0.378102183
0.377945483
0.377790928
0.377636313
0.377483666
0.377333045
0.377180755
0.377033174
0.376884937
0.376739383
0.376594543
0.376451910
0.376308978
0.376168072
0.376028359
0.375889301
0.375754654
0.375616789
0.375483036
0.375349045
0.375218034
0.375086844
0.374956489
0.374828458
0.374700725
0.374575019
0.374448240
0.374324560
0.374202251
0.374080420
0.373959839
0.373840392
0.373722732
0.373604894
0.373488903
0.373375535
0.373260379
0.373149455
0.373036623
0.372927845
0.372818291
0.372710347
0.372603536
0.372497082
0.372393310
0.372289181
0.372185111
0.372083664
0.371984124
0.371884108
0.371784449
0.371688008
0.371590376
0.371496201
0.371401429
0.371307731
0.371214151
0.371124804
0.371032774
0.370944679
0.370855391
0.370767772
0.370680213
0.370596051
0.370510757
0.370427847
0.370345294
0.370262980
0.370182097
0.370102286
0.370022774
0.369944811
0.369868577
0.369791806
0.369716048
0.369641066
0.369568288
0.369497061
0.369424224
0.369352877
0.369283378
0.369214594
0.369145274
0.369077504
0.369012058
0.368946254
0.368880212
0.368819177
0.368755400
0.368692160
0.368629873
0.368569732
0.368509650
0.368451297
0.368392289
0.368334711
0.368278027
0.368222058
0.368166924
0.368113577
0.368058622
0.368006647
0.367954731
0.367903829
0.367852807
0.367802322
0.367753506
0.367707908
0.367659628
0.367612422
0.367565989
0.367520213
0.367475986
0.367432415
0.367388964
0.367347002
0.367304146
0.367263377
0.367222667
0.367183506
0.367145002
0.367105842
0.367067814
0.367031395
0.366994977
0.366959929
0.366923451
0.366892695
0.366857231
0.366824865
0.366791904
0.366760194
0.366729140
0.366698742
0.366668999
0.366639018
0.366610408
0.366582572
0.366555154
0.366528511
0.366501629
0.366476297
0.366451323
0.366425633
0.366402388
0.366379440
0.366357803
0.366334617
0.366318285
0.366293013
0.366274416
0.366253793
0.366235733
0.366216123
0.366198361
0.366180718
0.366164863
0.366146743
0.366131246
0.366115630
0.366100371
0.366086483
0.366071582
0.366058707
0.366046309
0.366032422
0.366021633
0.366009474
0.366004109
0.365990400
0.365979910
0.365971148
0.365962386
0.365954101
0.365945339
0.365938604
0.365931094
0.365923584
0.365919113
0.365912020
0.365906715
0.365902901
0.365897894
0.365894198
0.365890086
0.365887225
0.365884721
0.365882695
0.365886211
0.365881264
0.365880847
0.365879893
0.365880430
0.365880311
0.365882277
0.365881622
0.365884960
0.365884364
0.365888536
0.365891755
0.365893066
0.365897536
0.365901232
0.365905941
0.365909576
0.365914941
0.365920126
0.365925431
0.365937710
0.365940869
0.365947008
0.365954041
0.365963042
0.365970314
0.365977585
0.365986705
0.365995526
0.366004825
0.366014183
0.366024852
0.366034269
0.366045475
0.366055846
0.366066813
0.366078258
0.366089284
0.366101980
0.366114438
0.366131186
0.366141796
0.366155505
0.366169274
0.366182745
0.366197169
0.366211891
0.366226017
0.366241217
0.366257668
0.366272032
0.366288841
0.366304576
0.366321266
0.366337419
0.366354585
0.366371155
0.366389692
0.366406202
0.366424501
0.366446912
0.366462469
0.366482377
0.366501212
0.366520286
0.366539359
0.366559327
0.366579890
0.366599917
0.366619825
0.366641939
0.366660833
0.366684020
0.366704464
0.366725683
0.366747141
0.366768658
0.366791964
0.366813540
0.366836607
0.366862357
0.366883278
0.366907179
0.366930485
0.366954088
0.366977870
0.367001653
0.367025614
0.367049873
0.367075086
0.367098212
0.367124140
0.367149353
0.367174506
0.367199779
0.367226064
0.367251992
0.367277145
0.367302358
0.367329001
0.367356300
0.367385387
0.367410243
0.367437184
0.367464364
0.367491603
0.367519021
0.367546678
0.367575467
0.367601752
0.367628992
0.367658556
0.367686152
0.367715418
0.367742658
0.367771924
0.367800951
0.367829204
0.367858410
0.367887616
0.367916942
0.367948234
0.367978394
0.368006051
0.368036032
0.368066072
0.368097246
0.368125260
0.368157208
0.368186355
0.368216753
0.368249297
0.368278861
0.368309081
0.368340850
0.368370771
0.368402719
0.368433416
0.368464291
0.368495643
0.368528306
0.368559539
0.368591547
0.368622184
0.368654132
0.368687153
0.368718147
0.368749678
0.368782878
0.368814647
0.368846655
0.368879259
0.368912220
0.368944407
0.368976474
0.369009733
0.369041979
0.369075060
0.369108617
0.369140327
0.369173706
0.369207323
0.369239271
0.369272888
0.369305611
0.369339347
0.369372487
0.369406164
0.369439483
0.369473398
0.369506776
0.369540095
0.369573474
0.369606793
0.369641781
0.369674742
0.369709015
0.369742692
0.369776368
0.369810939
0.369844615
0.369876981
0.369911969
0.369945049
0.369978726
0.370014071
0.370047331
0.370081902
0.370115936
0.370149910
0.370183945
0.370220304
0.370254040
0.370287657
0.370323300
0.370357037
0.370391369
0.370426595
0.370460212
0.370496213
0.370530844
0.370560586
0.370599210
0.370632231
0.370667279
0.370702684
0.370736599
0.370770931
0.370805562
0.370839953
0.370875299
0.370909989
0.370943904
0.370979130
0.371013820
0.371049225
0.371082544
0.371118546
0.371152580
0.371187270
0.371222794
0.371256590
0.371286631
0.371325076
0.371358097
0.371393919
0.371427059
0.371462286
0.371497571
0.371531308
0.371565938
0.371599555
0.371635556
0.371669292
0.371703923
0.371739209
0.371772945
0.371806681
0.371841908
0.371877193
0.371910930
0.371945560
0.371975005
0.372011065
0.372045934
0.372080863
0.372114301
0.372147739
0.372183383
0.372216046
0.372250974
0.372285903
0.372318566
0.372352600
0.372388244
0.372421801
0.372455120
0.372490764
0.372523427
0.372558177
0.372592509
0.372625768
0.372652352
0.372690678
0.372724354
0.372757256
0.372790813
0.372825086
0.372857094
0.372891188
0.372924864
0.372958243
0.372991860
0.373025417
0.373058021
0.373091400
0.373124719
0.373158097
0.373190522
0.373225510
0.373257399
0.373291314
0.373315573
0.373353064
0.373385668
0.373418331
0.373451054
0.373483717
0.373516440
0.373549104
0.373581052
0.373613596
0.373646021
0.373678684
0.373711944
0.373742998
0.373775542
0.373808503
0.373841166
0.373873711
0.373906136
0.373937905
0.373969495
0.373992622
0.374029756
0.374060452
0.374092996
0.374124587
0.374155581
0.374187887
0.374218822
0.374250233
0.374281943
0.374312580
0.374344110
0.374376118
0.374407828
0.374438465
0.374469101
0.374500334
0.374530673
0.374563396
0.374594927
0.374613047
0.374650002
0.374680579
0.374710858
0.374741375
0.374770761
0.374802053
0.374831557
0.374862552
0.374892235
0.374922454
0.374951839
0.374983549
0.375012457
0.375041664
0.375073075
0.375102699
0.375132620
0.375161946
0.375192642
0.375208974
0.375245094
0.375274181
0.375304163
0.375331819
0.375360727
0.375391304
0.375418186
0.375448465
0.375476837
0.375505745
0.375533938
0.375563502
0.375591516
0.375621200
0.375650108
0.375678301
0.375706971
0.375734985
0.375764489
0.375792384
0.375806987
0.375842750
0.375869691
0.375897288
0.375924945
0.375952542
0.375980198
0.376007795
0.376035452
0.376062334
0.376090527
0.376116514
0.376144707
0.376172066
0.376198888
0.376226068
0.376253366
0.376280665
0.376307964
0.376335263
0.376346350
0.376381695
0.376407146
0.376432657
0.376460195
0.376484871
0.376511753
0.376537025
0.376563907
0.376588404
0.376615763
0.376641154
0.376667261
0.376693130
0.376719117
0.376745105
0.376769602
0.376795888
0.376822770
0.376847744
0.376855671
0.376891017
0.376914203
0.376941144
0.376963735
0.376989901
0.377013147
0.377038419
0.377063215
0.377087772
0.377111733
0.377137899
0.377160192
0.377186179
0.377210140
0.377234638
0.377259195
0.377283692
0.377306581
0.377331555
0.377356768
0.377362549
0.377395511
0.377417862
0.377441764
0.377465010
0.377487302
0.377510488
0.377533436
0.377556622
0.377579510
0.377601802
0.377626359
0.377647936
0.377670825
0.377693713
0.377717495
0.377740383
0.377762675
0.377785563
0.377808452
0.377813458
0.377843201
0.377865493
0.377887249
0.377909422
0.377930403
0.377952874
0.377974510
0.377995610
0.378017068
0.378039420
0.378060400
0.378082097
0.378103554
0.378125131
0.378146708
0.378168285
0.378189147
0.378210425
0.378232718
0.378253520
0.378256917
0.378284574
0.378307521
0.378326416
0.378348172
0.378367007
0.378386974
0.378408849
0.378428400
0.378447890
0.378468752
0.378488302
0.378508389
0.378528357
0.378548622
0.378568709
0.378589571
0.378609121
0.378628314
0.378649175
0.378647983
0.378675282
0.378695846
0.378716230
0.378733456
0.378752053
0.378770828
0.378790259
0.378808141
0.378827691
0.378846467
0.378863633
0.378883600
0.378901780
0.378921926
0.378938496
0.378959358
0.378975928
0.378996074
0.379014134
0.379032612
0.379030824
0.379056096
0.379075170
0.379094005
0.379109859
0.379128635
0.379145265
0.379163444
0.379180193
0.379197419
0.379214883
0.379232049
0.379250288
0.379266858
0.379285097
0.379301846
0.379319906
0.379336536
0.379354000
0.379372060
0.379368246
0.379391313
0.379409790
0.379426539
0.379444242
0.379458785
0.379475713
0.379491150
0.379508674
0.379523516
0.379540265
0.379556477
0.379571915
0.379588664
0.379604876
0.379621029
0.379636467
0.379652381
0.379669249
0.379685462
0.379700899
0.379695594
0.379716337
0.379735708
0.379751146
0.379764557
0.379779696
0.379795313
0.379808664
0.379825473
0.379839003
0.379853725
0.379869223
0.379883349
0.379899561
0.379912317
0.379929125
0.379942656
0.379959047
0.379973173
0.379988074
0.379981756
0.380000472
0.380018532
0.380033553
0.380046427
0.380059958
0.380072773
0.380086958
0.380100667
0.380114973
0.380127847
0.380142272
0.380155146
0.380169570
0.380182445
0.380196869
0.380210638
0.380224347
0.380237937
0.380252719
0.380265594
0.380257368
0.380277276
0.380291998
0.380305767
0.380318940
0.380330741
0.380343199
0.380356491
0.380368233
0.380381405
0.380393982
0.380406678
0.380420029
0.380432665
0.380443871
0.380457222
0.380470574
0.380483329
0.380495191
0.380508661
0.380500078
0.380518436
0.380531430
0.380543888
0.380555272
0.380566418
0.380577862
0.380589008
0.380601168
0.380611837
0.380623877
0.380635321
0.380647540
0.380659282
0.380670011
0.380680561
0.380693614
0.380705059
0.380716801
0.380728304
0.380740047
0.380730331
0.380747378
0.380760133
0.380771756
0.380780280
0.380792737
0.380801558
0.380813360
0.380822301
0.380833983
0.380843520
0.380855620
0.380865335
0.380875826
0.380887151
0.380895257
0.380908668
0.380918562
0.380928457
0.380939782
0.380929887
0.380946398
0.380958021
0.380967200
0.380977213
0.380985677
0.380995691
0.381004870
0.381015062
0.381024718
0.381034076
0.381043553
0.381053030
0.381063402
0.381073773
0.381082833
0.381092370
0.381102860
0.381112814
0.381123245
0.381132483
0.381121099
0.381136358
0.381148040
0.381156385
0.381166220
0.381173372
0.381183386
0.381191134
0.381199658
0.381209016
0.381217718
0.381226361
0.381234884
0.381244600
0.381253302
0.381262124
0.381270945
0.381280661
0.381288767
0.381298482
0.381307483
0.381295919
0.381310761
0.381320059
0.381327271
0.381336391
0.381343305
0.381349802
0.381358922
0.381367505
0.381375253
0.381381452
0.381391466
0.381398618
0.381407320
0.381414473
0.381422460
0.381431043
0.381439805
0.381447971
0.381455421
0.381444633
0.381457865
0.381465554
0.381473422
0.381480217
0.381486952
0.381493628
0.381501257
0.381507993
0.381514847
0.381523490
0.381529808
0.381537557
0.381543994
0.381552696
0.381559134
0.381566346
0.381574392
0.381581783
0.381590009
0.381597400
0.381584525
0.381597757
0.381604791
0.381613076
0.381617486
0.381625175
0.381629586
0.381637990
0.381642759
0.381650448
0.381656826
0.381663918
0.381670594
0.381676257
0.381684303
0.381690860
0.381696939
0.381704986
0.381711066
0.381718695
0.381705761
0.381717026
0.381725609
0.381729364
0.381736100
0.381741464
0.381747782
0.381753206
0.381758869
0.381764293
0.381770730
0.381776452
0.381783068
0.381788850
0.381795585
0.381800890
0.381807566
0.381813467
0.381820500
0.381826580
0.381832063
0.381818593
0.381831169
0.381837189
0.381841779
0.381846189
0.381853282
0.381855965
0.381862938
0.381867111
0.381872892
0.381878138
0.381883085
0.381888866
0.381894231
0.381900251
0.381905615
0.381910145
0.381916225
0.381923258
0.381926596
0.381915450
0.381925464
0.381930113
0.381936133
0.381938875
0.381943524
0.381948531
0.381953537
0.381957054
0.381963074
0.381966770
0.381971180
0.381977201
0.381981194
0.381986558
0.381992042
0.381997049
0.382001996
0.382006764
0.382012546
0.382017612
0.382003903
0.382014155
0.382019758
0.382022500
0.382027566
0.382030547
0.382035792
0.382038832
0.382043481
0.382048190
0.382051349
0.382056296
0.382061005
0.382064521
0.382069468
0.382074475
0.382079780
0.382084250
0.382088065
0.382094264
0.382079184
0.382089078
0.382094085
0.382097185
0.382099569
0.382104874
0.382108331
0.382111907
0.382115185
0.382120252
0.382123291
0.382126749
0.382132113
0.382134378
0.382139504
0.382143557
0.382148206
0.382151544
0.382156968
0.382161379
0.382164717
0.382152557
0.382160544
0.382163882
0.382168591
0.382170022
0.382174253
0.382176340
0.382180750
0.382183969
0.382186949
0.382190943
0.382194102
0.382196605
0.382202208
0.382204950
0.382208526
0.382212579
0.382217050
0.382220030
0.382223666
0.382228732
0.382214010
0.382223129
0.382225096
0.382229447
0.382230282
0.382234931
0.382237554
0.382238507
0.382243216
0.382245243
0.382249355
0.382252395
0.382254481
0.382259011
0.382261992
0.382265866
0.382268488
0.382272243
0.382276535
0.382278919
0.382266819
0.382272661
0.382276356
0.382279038
0.382281005
0.382283747
0.382285833
0.382288098
0.382290840
0.382294178
0.382296503
0.382298946
0.382302284
0.382304907
0.382308245
0.382311046
0.382314682
0.382317662
0.382319689
0.382324994
0.382326663
0.382313192
0.382320940
0.382323980
0.382325649
0.382328928
0.382329226
0.382332504
0.382334471
0.382337213
0.382339299
0.382341444
0.382344425
0.382346749
0.382349789
0.382352352
0.382356346
0.382358372
0.382360816
0.382364452
0.382366240
0.382371485
0.382356465
0.382364273
0.382366180
0.382368267
0.382370591
0.382371366
0.382373691
0.382376075
0.382378042
0.382381320
0.382382691
0.382386327
0.382386804
0.382390559
0.382392824
0.382395148
0.382398188
0.382401526
0.382403255
0.382405698
0.382392764
0.382399321
0.382400095
0.382402718
0.382403731
0.382405758
0.382407069
0.382408381
0.382411301
0.382412970
0.382414460
0.382417083
0.382418752
0.382419825
0.382423103
0.382425785
0.382427931
0.382429302
0.382432878
0.382435203
0.382437468
0.382423401
0.382429719
0.382431090
0.382432640
0.382433295
0.382435739
0.382436156
0.382438779
0.382439315
0.382442713
0.382443726
0.382444322
0.382446408
0.382449508
0.382451415
0.382452369
0.382455468
0.382457554
0.382460415
0.382460773
0.382448733
0.382455051
0.382456422
0.382456303
0.382459223
0.382458568
0.382459939
0.382461667
0.382462621
0.382464349
0.382466376
0.382467687
0.382469893
0.382470369
0.382472694
0.382474899
0.382476568
0.382478952
0.382479966
0.382483244
0.382485092
0.382470787
0.382478535
0.382478178
0.382479250
0.382480621
0.382482171
0.382482111
0.382482767
0.382485807
0.382485271
0.382487893
0.382488906
0.382490158
0.382492840
0.382493556
0.382494867
0.382497787
0.382499456
0.382500947
0.382503569
0.382505238
0.382492423
0.382497728
0.382498026
0.382499695
0.382499397
0.382501364
0.382502019
0.382503450
0.382504404
0.382505059
0.382507682
0.382507920
0.382510424
0.382510185
0.382512808
0.382515013
0.382515490
0.382518530
0.382520199
0.382522702
0.382508874
0.382514119
0.382515788
0.382515192
0.382516265
0.382516563
0.382518530
0.382519186
0.382519841
0.382520497
0.382522821
0.382524550
0.382524192
0.382525623
0.382528365
0.382528901
0.382531583
0.382533193
0.382533610
0.382535040
0.382538021
0.382524133
0.382529974
0.382529974
0.382531643
0.382530332
0.382531941
0.382533908
0.382532060
0.382533967
0.382536888
0.382535338
0.382537425
0.382537484
0.382539809
0.382541656
0.382541955
0.382542789
0.382545531
0.382546067
0.382549644
0.382549644
0.382537842
0.382542193
0.382542133
0.382543504
0.382543802
0.382543802
0.382544875
0.382546067
0.382545710
0.382547498
0.382547557
0.382548809
0.382550180
0.382551134
0.382551849
0.382553518
0.382555246
0.382556558
0.382557571
0.382560492
0.382547081
0.382550657
0.382551670
0.382553279
0.382552564
0.382552564
0.382554173
0.382553637
0.382553935
0.382556498
0.382555485
0.382557452
0.382557213
0.382559359
0.382561028
0.382561266
0.382561982
0.382562935
0.382565260
0.382566392
0.382568419
0.382555842
0.382560968
0.382559896
0.382561207
0.382560313
0.382561028
0.382562697
0.382562280
0.382562280
0.382563353
0.382564425
0.382565796
0.382565677
0.382566929
0.382567585
0.382569015
0.382570684
0.382571697
0.382572651
0.382574379
0.382574797
0.382562637
0.382567585
0.382568121
0.382567108
0.382569134
0.382567823
0.382567525
0.382569849
0.382570207
0.382569790
0.382570684
0.382571757
0.382574022
0.382573068
0.382574439
0.382574379
0.382577121
0.382577479
0.382579803
0.382581055
0.382567346
0.382572234
0.382572472
0.382572174
0.382573485
0.382573485
0.382571816
0.382574797
0.382573485
0.382575095
0.382575452
0.382574856
0.382576823
0.382578075
0.382578731
0.382579386
0.382580757
0.382581711
0.382581532
0.382583916
0.382585824
0.382572949
0.382576227
0.382577240
0.382577777
0.382576764
0.382577181
0.382577121
0.382578492
0.382577896
0.382578790
0.382579684
0.382580042
0.382580221
0.382581532
0.382581174
0.382583141
0.382583797
0.382584453
0.382585824
0.382588446
0.382588565
0.382576704
0.382580578
0.382580221
0.382579625
0.382579982
0.382581294
0.382579684
0.382580996
0.382580996
0.382581890
0.382581890
0.382581294
0.382582963
0.382583261
0.382584512
0.382584870
0.382587135
0.382587075
0.382586837
0.382588208
0.382578254
0.382579923
0.382580876
0.382581174
0.382579923
0.382580340
0.382580876
0.382580578
0.382580578
0.382580280
0.382581890
0.382581890
0.382582963
0.382582545
0.382583439
0.382584512
0.382584274
0.382586241
0.382586896
0.382588267
0.382589221
0.382577717
0.382580221
0.382580936
0.382580578
0.382580817
0.382580519
0.382580161
0.382580578
0.382581294
0.382581294
0.382581294
0.382582188
0.382583141
0.382583439
0.382583797
0.382584870
0.382585466
0.382585824
0.382586479
0.382589221
0.382588685
0.382578015
0.382581890
0.382580638
0.382580876
0.382581174
0.382581592
0.382580638
0.382581234
0.382581830
0.382581830
0.382582545
0.382583618
0.382583201
0.382584870
0.382585466
0.382585824
0.382587194
0.382588625
0.382589579
0.382590234
0.382579744
0.382582307
0.382583261
0.382582188
0.382582486
0.382582903
0.382582843
0.382583439
0.382583439
0.382582545
0.382584929
0.382585227
0.382584810
0.382585764
0.382587552
0.382587612
0.382587194
0.382589161
0.382589817
0.382591248
0.382592201
0.382582307
0.382584274
0.382584333
0.382585645
0.382583678
0.382584989
0.382584691
0.382585406
0.382586300
0.382585585
0.382586300
0.382587373
0.382586956
0.382588625
0.382589221
0.382589579
0.382591844
0.382592559
0.382592618
0.382593989
0.382594943
0.382584333
0.382586002
0.382587671
0.382587373
0.382587910
0.382588506
0.382586896
0.382588208
0.382588208
0.382588923
0.382590890
0.382589579
0.382590652
0.382590234
0.382592797
0.382592559
0.382593036
0.382595301
0.382595956
0.382596016
0.382586122
0.382589400
0.382589817
0.382588744
0.382588983
0.382588685
0.382589996
0.382589996
0.382589996
0.382589996
0.382590890
0.382590175
0.382591665
0.382591367
0.382593930
0.382593691
0.382595062
0.382594943
0.382596195
0.382597625
0.382597685
0.382589400
0.382591367
0.382590115
0.382591128
0.382592440
0.382590055
0.382591069
0.382591009
0.382591605
0.382592380
0.382592678
0.382592678
0.382592976
0.382593930
0.382593334
0.382595301
0.382596552
0.382595539
0.382598281
0.382597566
0.382600307
0.382590115
0.382591963
0.382592916
0.382590950
0.382592678
0.382592678
0.382592380
0.382592320
0.382592022
0.382592738
0.382593632
0.382593691
0.382594705
0.382595956
0.382595539
0.382597506
0.382596552
0.382597625
0.382598102
0.382599473
0.382601023
0.382591128
0.382593095
0.382594049
0.382592976
0.382593274
0.382592916
0.382594228
0.382594228
0.382593334
0.382594943
0.382593334
0.382594943
0.382595003
0.382596016
0.382596374
0.382598341
0.382598102
0.382599473
0.382600129
0.382601678
0.382591784
0.382594466
0.382593393
0.382595003
0.382594049
0.382592976
0.382593274
0.382594585
0.382594585
0.382595301
0.382594705
0.382596374
0.382595956
0.382595956
0.382597029
0.382596612
0.382598281
0.382598758
0.382600129
0.382600009
0.382602036
0.382593155
0.382594407
0.382594466
0.382595778
0.382594705
0.382596016
0.382593632
0.382595539
0.382594645
0.382595360
0.382596254
0.382597208
0.382597387
0.382597804
0.382599056
0.382598639
0.382600605
0.382600367
0.382601738
0.382601678
0.382602930
0.382594466
0.382595837
0.382596076
0.382596374
0.382596016
0.382597327
0.382596433
0.382596433
0.382596135
0.382596850
0.382597744
0.382598639
0.382598102
0.382598400
0.382600963
0.382599950
0.382602692
0.382601976
0.382603228
0.382604659
0.382595778
0.382597744
0.382597387
0.382597685
0.382598102
0.382597148
0.382597744
0.382599056
0.382598460
0.382599354
0.382598639
0.382598639
0.382599413
0.382600427
0.382600009
0.382601678
0.382601440
0.382603407
0.382604063
0.382603824
0.382606804
0.382597208
0.382599354
0.382600367
0.382599473
0.382598400
0.382599413
0.382599354
0.382599056
0.382600665
0.382600725
0.382601023
0.382602692
0.382601678
0.382603347
0.382603049
0.382604122
0.382603884
0.382605851
0.382606506
0.382606387
0.382606745
0.382599950
0.382602215
0.382601917
0.382602453
0.382602155
0.382602155
0.382601857
0.382601798
0.382603168
0.382602572
0.382602572
0.382604182
0.382604539
0.382604837
0.382606089
0.382606447
0.382607818
0.382608473
0.382609129
0.382609785
0.382601500
0.382602751
0.382603705
0.382603407
0.382603824
0.382602870
0.382604182
0.382603467
0.382604778
0.382604182
0.382604182
0.382603467
0.382605672
0.382605135
0.382605433
0.382607102
0.382607698
0.382607341
0.382609308
0.382609069
0.382610440
0.382602155
0.382605016
0.382603824
0.382603467
0.382604480
0.382603526
0.382604837
0.382604122
0.382605433
0.382605731
0.382605016
0.382605791
0.382606804
0.382606387
0.382607341
0.382607639
0.382607102
0.382609785
0.382608771
0.382609129
0.382611096
0.382603526
0.382605851
0.382606387
0.382605374
0.382605016
0.382604718
0.382605135
0.382605851
0.382605851
0.382605851
0.382606745
0.382607639
0.382607996
0.382608294
0.382608652
0.382609725
0.382611096
0.382610857
0.382613122
0.382613063
0.382606268
0.382607937
0.382607639
0.382608175
0.382607162
0.382607579
0.382606626
0.382607937
0.382607937
0.382607222
0.382608533
0.382608831
0.382608891
0.382609189
0.382610083
0.382612050
0.382611096
0.382612169
0.382612765
0.382614791
0.382614851
0.382608175
0.382608891
0.382609248
0.382609844
0.382609546
0.382610261
0.382609487
0.382610083
0.382610083
0.382609189
0.382610798
0.382610083
0.382611752
0.382611156
0.382612228
0.382612526
0.382612884
0.382614076
0.382614434
0.382615805
0.382615566
0.382609665
0.382612109
0.382611096
0.382610738
0.382612050
0.382611156
0.382611871
0.382612765
0.382612050
0.382613719
0.382612407
0.382613122
0.382613420
0.382613480
0.382615268
0.382614255
0.382615149
0.382615507
0.382617474
0.382618129
0.382611334
0.382613003
0.382611930
0.382612944
0.382612944
0.382612646
0.382612586
0.382613182
0.382613957
0.382614255
0.382615149
0.382615507
0.382615805
0.382616162
0.382617235
0.382617831
0.382617474
0.382619441
0.382619202
0.382620573
0.382622123
0.382615507
0.382616460
0.382615268
0.382616520
0.382616222
0.382616937
0.382616222
0.382616818
0.382617533
0.382616937
0.382618606
0.382618904
0.382619262
0.382619560
0.382620811
0.382621169
0.382622540
0.382622302
0.382623672
0.382623553
0.382625580
0.382619083
0.382620931
0.382619917
0.382619560
0.382619977
0.382620692
0.382619977
0.382620573
0.382620573
0.382621288
0.382622361
0.382621944
0.382622838
0.382623196
0.382623494
0.382623851
0.382625818
0.382625580
0.382626951
0.382627606
0.382621706
0.382623553
0.382623255
0.382623971
0.382622361
0.382622898
0.382623494
0.382623494
0.382622600
0.382623315
0.382624209
0.382624269
0.382625282
0.382624865
0.382625818
0.382626891
0.382626593
0.382627666
0.382629037
0.382628977
0.382629335
0.382625043
0.382626057
0.382625997
0.382626593
0.382626593
0.382625699
0.382627308
0.382626593
0.382626593
0.382627368
0.382626772
0.382627666
0.382627666
0.382628739
0.382629037
0.382630289
0.382630646
0.382630348
0.382633209
0.382633030
0.382634699
0.382628798
0.382630110
0.382629812
0.382630527
0.382631421
0.382630706
0.382631421
0.382631719
0.382631004
0.382631779
0.382632792
0.382632375
0.382634044
0.382633805
0.382634997
0.382635355
0.382636011
0.382637978
0.382637322
0.382639289
0.382633686
0.382633984
0.382634401
0.382635117
0.382634342
0.382634938
0.382635713
0.382635117
0.382636011
0.382636011
0.382637084
0.382636666
0.382637441
0.382638752
0.382638395
0.382639468
0.382640839
0.382640719
0.382641971
0.382642627
0.382642388
0.382638097
0.382638395
0.382638812
0.382638752
0.382639349
0.382638454
0.382640064
0.382639349
0.382639349
0.382641017
0.382641315
0.382640779
0.382641792
0.382642150
0.382642448
0.382643700
0.382643163
0.382644475
0.382645726
0.382644773
0.382646739
0.382641554
0.382641971
0.382642508
0.382643104
0.382642210
0.382642210
0.382642806
0.382642806
0.382643521
0.382643819
0.382643878
0.382644176
0.382645071
0.382644534
0.382645547
0.382647514
0.382646561
0.382647753
0.382648110
0.382647872
0.382644892
0.382643819
0.382644117
0.382645428
0.382643759
0.382645071
0.382644176
0.382644892
0.382644892
0.382645786
0.382646739
0.382645428
0.382647038
0.382646501
0.382647514
0.382647872
0.382648170
0.382648528
0.382649601
0.382649302
0.382650554
0.382645965
0.382646382
0.382646203
0.382647395
0.382646501
0.382646441
0.382647038
0.382647038
0.382647038
0.382647038
0.382647812
0.382648110
0.382648110
0.382648289
0.382649302
0.382649660
0.382649958
0.382650316
0.382650614
0.382651865
0.382652223
0.382647932
0.382648170
0.382647872
0.382648289
0.382648230
0.382647932
0.382648647
0.382648647
0.382648647
0.382649541
0.382648826
0.382649601
0.382649899
0.382649899
0.382650197
0.382651150
0.382650554
0.382651627
0.382651925
0.382653177
0.382648587
0.382649004
0.382648647
0.382649243
0.382649839
0.382648170
0.382649481
0.382648587
0.382649302
0.382649302
0.382649302
0.382650197
0.382649481
0.382650256
0.382650554
0.382650554
0.382652521
0.382651210
0.382652283
0.382653475
0.382653832
0.382650316
0.382649958
0.382649660
0.382650971
0.382649302
0.382649899
0.382649601
0.382650316
0.382650316
0.382650316
0.382650316
0.382650316
0.382651210
0.382650495
0.382651210
0.382653177
0.382652760
0.382653117
0.382655084
0.382654071
0.382655919
0.382651925
0.382651448
0.382651865
0.382650971
0.382651508
0.382650495
0.382651806
0.382650912
0.382652521
0.382651806
0.382651806
0.382651806
0.382651806
0.382653415
0.382652879
0.382653892
0.382654250
0.382656217
0.382655978
0.382656574
0.382653654
0.382651985
0.382652998
0.382652104
0.382651925
0.382652223
0.382652164
0.382651865
0.382653475
0.382651865
0.382652581
0.382652581
0.382653475
0.382653534
0.382654548
0.382654905
0.382654309
0.382656276
0.382657528
0.382656515
0.382658482
0.382654250
0.382653892
0.382653594
0.382653236
0.382652938
0.382653356
0.382654071
0.382653296
0.382653892
0.382652998
0.382654607
0.382654667
0.382654965
0.382655859
0.382656217
0.382656515
0.382657588
0.382658243
0.382658601
0.382659197
0.382658839
0.382654965
0.382656276
0.382655978
0.382655025
0.382655621
0.382656217
0.382656217
0.382655323
0.382656038
0.382656932
0.382656932
0.382657230
0.382658184
0.382658482
0.382658839
0.382659137
0.382660210
0.382659972
0.382661045
0.382661641
0.382658005
0.382657647
0.382658243
0.382657945
0.382657886
0.382657588
0.382658303
0.382658303
0.382659197
0.382658482
0.382659256
0.382659554
0.382660329
0.382660747
0.382661104
0.382661402
0.382662654
0.382662237
0.382662594
0.382663667
0.382663369
0.382660449
0.382660985
0.382660687
0.382659793
0.382661998
0.382661283
0.382661283
0.382661283
0.382661283
0.382662892
0.382662356
0.382663369
0.382662952
0.382663906
0.382664204
0.382664561
0.382664859
0.382665217
0.382665515
0.382666588
0.382662296
0.382662594
0.382664621
0.382663310
0.382663012
0.382664621
0.382663012
0.382664621
0.382664621
0.382664919
0.382664979
0.382665992
0.382665455
0.382665753
0.382666647
0.382667005
0.382667303
0.382667661
0.382667959
0.382668316
0.382668614
0.382665694
0.382667005
0.382666111
0.382666051
0.382667422
0.382666826
0.382667720
0.382667005
0.382667720
0.382668018
0.382668972
0.382668376
0.382668674
0.382669628
0.382669032
0.382670105
0.382670403
0.382669985
0.382670939
0.382671237
0.382673085
0.382669091
0.382669389
0.382669330
0.382669926
0.382670701
0.382670105
0.382670105
0.382670999
0.382670999
0.382671177
0.382671475
0.382671475
0.382671773
0.382672727
0.382672131
0.382673204
0.382672787
0.382672787
0.382674754
0.382675111
0.382670820
0.382672727
0.382672727
0.382672727
0.382672727
0.382672727
0.382672727
0.382673442
0.382673740
0.382673025
0.382673800
0.382674098
0.382674098
0.382674396
0.382674456
0.382674754
0.382674754
0.382675827
0.382675409
0.382676303
0.382677376
0.382673860
0.382675171
0.382675171
0.382675171
0.382675171
0.382675171
0.382676065
0.382675350
0.382676065
0.382675469
0.382676363
0.382676423
0.382676721
0.382676721
0.382676125
0.382677794
0.382677197
0.382677495
0.382677555
0.382678568
0.382679820
0.382676125
0.382677436
0.382677436
0.382677436
0.382677436
0.382677436
0.382677436
0.382678211
0.382677615
0.382677615
0.382678509
0.382678509
0.382677913
0.382678807
0.382678866
0.382679164
0.382679164
0.382679462
0.382680416
0.382680714
0.382678509
0.382678509
0.382679105
0.382679105
0.382679105
0.382679105
0.382679820
0.382679224
0.382679224
0.382680118
0.382679403
0.382680178
0.382679582
0.382680476
0.382680476
0.382680774
0.382680833
0.382680237
0.382681847
0.382682204
0.382683396
0.382680476
0.382680476
0.382681072
0.382681072
0.382681072
0.382681072
0.382681787
0.382681191
0.382681191
0.382682085
0.382681370
0.382681370
0.382682145
0.382682443
0.382681727
0.382682443
0.382682621
0.382683635
0.382683218
0.382685781
0.382685542
0.382682025
0.382683337
0.382683337
0.382683337
0.382683337
0.382683337
0.382683337
0.382683337
0.382684231
0.382683516
0.382684231
0.382683635
0.382683635
0.382684529
0.382684588
0.382683992
0.382685602
0.382685184
0.382686853
0.382687509
0.382684588
0.382685304
0.382684529
0.382685125
0.382685125
0.382685125
0.382685900
0.382685304
0.382685304
0.382685304
0.382686198
0.382685483
0.382686198
0.382685602
0.382685602
0.382686496
0.382686555
0.382687569
0.382688820
0.382687509
0.382689476
0.382686555
0.382687271
0.382687271
0.382687271
0.382687271
0.382687271
0.382687271
0.382687271
0.382687271
0.382688165
0.382687449
0.382687449
0.382687449
0.382688165
0.382687569
0.382688344
0.382689357
0.382689714
0.382690907
0.382691264
0.382688642
0.382688344
0.382689059
0.382689059
0.382689059
0.382689059
0.382689059
0.382689953
0.382689238
0.382689238
0.382689238
0.382689953
0.382689357
0.382689357
0.382689357
0.382691026
0.382690609
0.382692277
0.382691979
0.382692337
0.382693529
0.382690609
0.382691324
0.382691324
0.382691324
0.382691324
0.382691324
0.382691324
0.382691324
0.382691324
0.382691324
0.382691324
0.382692218
0.382691503
0.382691503
0.382692277
0.382693291
0.382692873
0.382693827
0.382694900
0.382694602
0.382694960
0.382693648
0.382693648
0.382693648
0.382693648
0.382693648
0.382693648
0.382693648
0.382693648
0.382693648
0.382693648
0.382693648
0.382693648
0.382694364
0.382694662
0.382694721
0.382695019
0.382695913
0.382696271
0.382697344
0.382697046
0.382695735
0.382695735
0.382695735
0.382695735
0.382695735
0.382695735
0.382695735
0.382695735
0.382695735
0.382695735
0.382695735
0.382695735
0.382695735
0.382696629
0.382695913
0.382698298
0.382698059
0.382697642
0.382698536
0.382698894
0.382699192
0.382697880
0.382697880
0.382697880
0.382697880
0.382697880
0.382697880
0.382697880
0.382697880
0.382697880
0.382697880
0.382697880
0.382697880
0.382698655
0.382699668
0.382698357
0.382700920
0.382700384
0.382700801
0.382701159
0.382701457
0.382701814
0.382700503
0.382700503
0.382700503
0.382700503
0.382700503
0.382700503
0.382700503
0.382700503
0.382700503
0.382700503
0.382700503
0.382700503
0.382701397
0.382701397
0.382702470
0.382702768
0.382703125
0.382703424
0.382703006
0.382703960
0.382702649
0.382702649
0.382702649
0.382702649
0.382702649
0.382702649
0.382702649
0.382702649
0.382702649
0.382702649
0.382702649
0.382702649
0.382702649
0.382703364
0.382703662
0.382704616
0.382704914
0.382705271
0.382704675
0.382705748
0.382706046
0.382705510
0.382704914
0.382704914
0.382704914
0.382704914
0.382704914
0.382704914
0.382704914
0.382704914
0.382704914
0.382704139
0.382704735
0.382704735
0.382706404
0.382706702
0.382707059
0.382706463
0.382707536
0.382707119
0.382708013
0.382707477
0.382706881
0.382706881
0.382706881
0.382706881
0.382706881
0.382706881
0.382706881
0.382706881
0.382706106
0.382706702
0.382706702
0.382707477
0.382707775
0.382708669
0.382709026
0.382708430
0.382710397
0.382709086
0.382710159
0.382710457
0.382709146
0.382709146
0.382709146
0.382709146
0.382709146
0.382709146
0.382709146
0.382709146
0.382709146
0.382709146
0.382709146
0.382709146
0.382710814
0.382709503
0.382711112
0.382711470
0.382711768
0.382711232
0.382712245
0.382712603
0.382712185
0.382712185
0.382711589
0.382711589
0.382711589
0.382711589
0.382711589
0.382711589
0.382711589
0.382711589
0.382711589
0.382711589
0.382711589
0.382712483
0.382713437
0.382713735
0.382713199
0.382713497
0.382714391
0.382713854
0.382714868
0.382713556
0.382713556
0.382713556
0.382714450
0.382713735
0.382713735
0.382713735
0.382712841
0.382713556
0.382713556
0.382713556
0.382714450
0.382714510
0.382714808
0.382715702
0.382716060
0.382716358
0.382715821
0.382716835
0.382716417
0.382716477
0.382717490
0.382716179
0.382716179
0.382716179
0.382716179
0.382716179
0.382716179
0.382716179
0.382716179
0.382715464
0.382716060
0.382716775
0.382716179
0.382717848
0.382718146
0.382717609
0.382718623
0.382718205
0.382719159
0.382718563
0.382718861
0.382718921
0.382718325
0.382718325
0.382718325
0.382718325
0.382718325
0.382718325
0.382717550
0.382718146
0.382718146
0.382718146
0.382718921
0.382719219
0.382720113
0.382719576
0.382720590
0.382720172
0.382721126
0.382720530
0.382720828
0.382721782
0.382720470
0.382720470
0.382720470
0.382720470
0.382720470
0.382720470
0.382720470
0.382720470
0.382719576
0.382720292
0.382721186
0.382722080
0.382721543
0.382721841
0.382722735
0.382722199
0.382723212
0.382722676
0.382722080
0.382722974
0.382723868
0.382722557
0.382723331
0.382722735
0.382722735
0.382722735
0.382721961
0.382722557
0.382722557
0.382722557
0.382721663
0.382724047
0.382724345
0.382723033
0.382724702
0.382724285
0.382725179
0.382724643
0.382724941
0.382724941
0.382725239
0.382724524
0.382724524
0.382724524
0.382724524
0.382724524
0.382724524
0.382724524
0.382724524
0.382724524
0.382723629
0.382725239
0.382724524
0.382726192
0.382726490
0.382725954
0.382726252
0.382726252
0.382727325
0.382726908
0.382726908
0.382726312
0.382726312
0.382726312
0.382726312
0.382726312
0.382726312
0.382726312
0.382726312
0.382726312
0.382725596
0.382726908
0.382727206
0.382727265
0.382728279
0.382727861
0.382727921
0.382728934
0.382728398
0.382728696
0.382728696
0.382728100
0.382728100
0.382728100
0.382728994
0.382728279
0.382728279
0.382728279
0.382727385
0.382728100
0.382728100
0.382728100
0.382728994
0.382729948
0.382729352
0.382729650
0.382729709
0.382730722
0.382730305
0.382730365
0.382730663
0.382730663
0.382730067
0.382730961
0.382730246
0.382730246
0.382730246
0.382730246
0.382730246
0.382730246
0.382729352
0.382730067
0.382730067
0.382730961
0.382730246
0.382731915
0.382731318
0.382732391
0.382731080
0.382732689
0.382731378
0.382733047
0.382731736
0.382732630
0.382732630
0.382732034
0.382732034
0.382732034
0.382732034
0.382732034
0.382732034
0.382731318
0.382731915
0.382732630
0.382732928
0.382733881
0.382733285
0.382733583
0.382732868
0.382734537
0.382733226
0.382733941
0.382734120
0.382733524
0.382734418
0.382733703
0.382733703
0.382733703
0.382733703
0.382733703
0.382733703
0.382733703
0.382733703
0.382732809
0.382732749
0.382735014
0.382734418
0.382734716
0.382735670
0.382735074
0.382735372
0.382735431
0.382734835
0.382734835
0.382736444
0.382734418
0.382735014
0.382735729
0.382735133
0.382735133
0.382734418
0.382735014
0.382735014
0.382734120
0.382735729
0.382735014
0.382736623
0.382736087
0.382736385
0.382736385
0.382735789
0.382736683
0.382736742
0.382737041
0.382736325
0.382736325
0.382737041
0.382736444
0.382736444
0.382736444
0.382736444
0.382736444
0.382735729
0.382736325
0.382736325
0.382736325
0.382737935
0.382736623
0.382738292
0.382737696
0.382737994
0.382737279
0.382738054
0.382737458
0.382739067
0.382738650
0.382737041
0.382737756
0.382737756
0.382738650
0.382737041
0.382737756
0.382737756
0.382737756
0.382737756
0.382737756
0.382737756
0.382739425
0.382739007
0.382739007
0.382739305
0.382739365
0.382739663
0.382738948
0.382739663
0.382739842
0.382740140
0.382739425
0.382739425
0.382740140
0.382739544
0.382739544
0.382739544
0.382738829
0.382739425
0.382739425
0.382738531
0.382739246
0.382740140
0.382740140
0.382740438
0.382740498
0.382740796
0.382740796
0.382741094
0.382741153
0.382741451
0.382739842
0.382740557
0.382740557
0.382741451
0.382740736
0.382740736
0.382740736
0.382739842
0.382740557
0.382740557
0.382739782
0.382740378
0.382741153
0.382741451
0.382740736
0.382741451
0.382741749
0.382741809
0.382742107
0.382742107
0.382742405
0.382741690
0.382740796
0.382742405
0.382741690
0.382741690
0.382741690
0.382741690
0.382741690
0.382741690
0.382740796
0.382741511
0.382741511
0.382741511
0.382743180
0.382741868
0.382742763
0.382742763
0.382743061
0.382743120
0.382744133
0.382741213
0.382743418
0.382742703
0.382743418
0.382742822
0.382742822
0.382742822
0.382742822
0.382742822
0.382742107
0.382742703
0.382741809
0.382743418
0.382743418
0.382743716
0.382743776
0.382744074
0.382744074
0.382744372
0.382744431
0.382744730
0.382743120
0.382743835
0.382744730
0.382744014
0.382744014
0.382744014
0.382744014
0.382744014
0.382744014
0.382743120
0.382743835
0.382743835
0.382744730
0.382744730
0.382744133
0.382745028
0.382745087
0.382745385
0.382745385
0.382744789
0.382746458
0.382745147
0.382744253
0.382745862
0.382745147
0.382745147
0.382745862
0.382744551
0.382745147
0.382745147
0.382745147
0.382744253
0.382744968
0.382745862
0.382745862
0.382746160
0.382746220
0.382746518
0.382746518
0.382746816
0.382746875
0.382745504
0.382746100
0.382746100
0.382746875
0.382746279
0.382746279
0.382746279
0.382746279
0.382746279
0.382746279
0.382745504
0.382746100
0.382745206
0.382745922
0.382746816
0.382747769
0.382747173
0.382746577
0.382747471
0.382747531
0.382747829
0.382746220
0.382746935
0.382746935
0.382746935
0.382746935
0.382746935
0.382746935
0.382746935
0.382746935
0.382746935
0.382746160
0.382745862
0.382746577
0.382746577
0.382746577
0.382747471
0.382747531
0.382747829
0.382747829
0.382748127
0.382746518
0.382747233
0.382746518
0.382747114
0.382747114
0.382747829
0.382747233
0.382747233
0.382746518
0.382747114
0.382746220
0.382746935
0.382746935
0.382746160
0.382745862
0.382746577
0.382747471
0.382747531
0.382747829
0.382747829
0.382748127
0.382746518
0.382745624
0.382746935
0.382746160
0.382746756
0.382746756
0.382746756
0.382746756
0.382746756
0.382745862
0.382746577
0.382746577
0.382745862
0.382745564
0.382745504
0.382745206
0.382746816
0.382746875
0.382747173
0.382746458
0.382748067
0.382745862
0.382745862
0.382744789
0.382745206
0.382745206
0.382744908
0.382745624
0.382745624
0.382745624
0.382744849
0.382745445
0.382744551
0.382745266
0.382744551
0.382744253
0.382744968
0.382744968
0.382745862
0.382745862
0.382746160
0.382745445
0.382743835
0.382744253
0.382744193
0.382744074
0.382744670
0.382744670
0.382744670
0.382744670
0.382743776
0.382744491
0.382743716
0.382744312
0.382743418
0.382743418
0.382744014
0.382744014
0.382744730
0.382745028
0.382744312
0.382745981
0.382744670
0.382743001
0.382743418
0.382743418
0.382744730
0.382742524
0.382743835
0.382743835
0.382743835
0.382743835
0.382743835
0.382743061
0.382742763
0.382743478
0.382742763
0.382743359
0.382743359
0.382744074
0.382744372
0.382744431
0.382743835
0.382742167
0.382742763
0.382742465
0.382743180
0.382743180
0.382743180
0.382743180
0.382743180
0.382742405
0.382743001
0.382742107
0.382742822
0.382742107
0.382741809
0.382741749
0.382743120
0.382743418
0.382743418
0.382742822
0.382744491
0.382742405
0.382742107
0.382741213
0.382742524
0.382742524
0.382742524
0.382742524
0.382742524
0.382742524
0.382742524
0.382741749
0.382742345
0.382741451
0.382742167
0.382741451
0.382741153
0.382741868
0.000000000
0.000000000
0.000000000
0.000000000
0.000000000
0.000000000
0.000000000
0.000000000
0.000000000
0.000000000
0.000000000
0.000000000
0.000000000
0.000000000
0.000000000
0.000000000
0.000000000
0.000000000
0.000000000
0.000000000
0.000000000
0.000000000
0.000000000
0.000000000
0.000000000
0.000000000
0.000000000
0.000000000
0.000000000
0.000000000
0.000000000
0.000000000
0.000000000
0.000000000
0.000000000
0.000000000
0.000000000
0.000000000
0.000000000
0.000000000
0.000000000
0.000000000
0.000000000
0.000000000
0.000000000
0.000000000
0.000000000
0.000000000
0.000000000
0.000000000
0.000000000
0.000000000
0.000000000
0.000000000
0.000000000
0.000000000
0.000000000
0.000000000
0.000000000
0.000000000
0.000000000
0.000000000
0.000000000
0.000000000
0.000000000
0.000000000
0.000000000
0.000000000
0.000000000
0.000000000
0.000000000
0.000000000
0.000000000
0.000000000
0.000000000
0.000000000
0.000000000
0.000000000
0.000000000
0.000000000
0.000000000
0.000000000
0.000000000
0.000000000
0.000000000
0.000000000
0.000000000
0.000000000
0.000000000
0.000000000
0.000000000
0.000000000
0.000000000
0.000000000
0.000000000
0.000000000
0.000000000
0.000000000
0.000000000
0.000000000
0.000000000
0.000000000
0.000000000
0.000000000
0.000000000
0.000000000
0.000000000
0.000000000
0.000000000
0.000000000
0.000000000
0.000000000
0.000000000
0.000000000
0.000000000
0.000000000
0.000000000
0.000000000
0.000000000
0.000000000
0.000000000
0.000000000
0.000000000
0.000000000
0.000000000
0.000000000
0.000000000
0.000000000
0.000000000
0.000000000
0.000000000
0.000000000
0.000000000
0.000000000
0.000000000
0.000000000
0.000000000
0.000000000
0.000000000
0.000000000
0.000000000
0.000000000
0.000000000
0.000000000
0.000000000
0.000000000
0.000000000
0.000000000
0.000000000
0.000000000
0.000000000
0.000000000
0.000000000
0.000000000
0.000000000
0.000000000
0.000000000
0.000000000
0.000000000
0.000000000
0.000000000
0.000000000
0.000000000
0.000000000
0.000000000
0.000000000
0.000000000
0.000000000
0.000000000
0.000000000
0.000000000
0.000000000
0.000000000
0.000000000
0.000000000
0.000000000
0.000000000
0.000000000
0.000000000
0.000000000
0.000000000
0.000000000
0.000000000
0.000000000
0.000000000
0.000000000
0.000000000
0.000000000
0.000000000
0.000000000
0.000000000
0.000000000
0.000000000
0.000000000
0.000000000
0.000000000
0.000000000
0.000000000
0.000000000
0.000000000
0.000000000
0.000000000
0.000000000
0.000000000
0.000000000
0.000000000
0.000000000
0.000000000
0.000000000
0.000000000
0.000000000
0.000000000
0.000000000
0.000000000
0.000000000
0.000000000
0.000000000
0.000000000
0.000000000
0.000000000
0.000000000
0.000000000
0.000000000
0.000000000
0.000000000
0.000000000
0.000000000
0.000000000
0.000000000
0.000000000
0.000000000
0.000000000
0.000000000
0.000000000
0.000000000
0.000000000
0.000000000
0.000000000
0.000000000
0.000000000
0.000000000
0.000000000
0.000000000
0.000000000
0.000000000
0.000000000
0.000000000
0.000000000
0.000000000
0.000000000
0.000000000
0.000000000
0.000000000
0.000000000
0.000000000
0.000000000
0.000000000
0.000000000
0.000000000
0.000000000
0.000000000
0.000000000
0.000000000
0.000000000
0.000000000
0.000000000
0.000000000
0.000000000
0.000000000
0.000000000
0.000000000
0.000000000
0.000000000
0.000000000
0.000000000
0.000000000
0.000000000
0.000000000
0.000000000
0.000000000
0.000000000
0.000000000
0.000000000
0.000000000
0.000000000
0.000000000
0.000000000
0.000000000
0.000000000
0.000000000
0.000000000
0.000000000
0.000000000
0.000000000
0.000000000
0.000000000
0.000000000
0.000000000
0.000000000
0.000000000
0.000000000
0.000000000
0.000000000
0.000000000
0.000000000
0.000000000
0.000000000
0.000000000
0.000000000
0.000000000
0.000000000
0.000000000
0.000000000
0.000000000
0.000000000
0.000000000
0.000000000
0.000000000
0.000000000
0.000000000
0.000000000
0.000000000
0.000000000
0.000000000
0.000000000
0.000000000
0.000000000
0.000000000
0.000000000
0.000000000
0.000000000
0.000000000
0.000000000
0.000000000
0.000000000
0.000000000
0.000000000
0.000000000
0.000000000
0.000000000
0.000000000
0.000000000
0.000000000
0.000000000
0.000000000
0.000000000
0.000000000
0.000000000
0.000000000
0.000000000
0.000000000
0.000000000
0.000000000
0.000000000
0.000000000
0.000000000
0.699999988
0.699999988
0.699999988
0.699999988
0.699999988
0.699999988
0.699999988
0.699999988
0.699999988
0.699999988
0.699999988
0.699999988
0.699999988
0.699999988
0.699999988
0.699999988
0.699999988
0.699999988
0.699999988
0.699999988
0.699999988
0.699999988
0.699999988
0.699999988
0.699999988
0.699999988
0.699999988
0.699999988
0.699999988
0.699999988
0.699999988
0.699999988
0.699999988
0.699999988
0.699999988
0.699999988
0.699999988
0.699999988
0.699999988
0.699999988
0.699999988
0.699999988
0.699999988
0.699999988
0.699999988
0.699999988
0.699999988
0.699999988
0.699999988
0.699999988
0.699999988
0.699999988
0.699999988
0.699999988
0.699999988
0.699999988
0.699999988
0.699999988
0.699999988
0.699999988
0.699999988
0.699999988
0.699999988
0.699999988
0.699999988
0.699999988
0.699999988
0.699999988
0.699999988
0.699999988
0.699999988
0.699999988
0.699999988
0.699999988
0.699999988
0.699999988
0.699999988
0.699999988
0.699999988
0.699999988
0.699999988
0.699999988
0.699999988
0.699999988
0.699999988
0.699999988
0.699999988
0.699999988
0.699999988
0.699999988
0.699999988
0.699999988
0.699999988
0.699999988
0.699999988
0.699999988
0.699999988
0.699999988
0.699999988
0.699999988
0.699999988
0.699999988
0.699999988
0.699999988
0.699999988
0.699999988
0.699999988
0.699999988
0.699999988
0.699999988
0.699999988
0.699999988
0.699999988
0.699999988
0.699999988
0.699999988
0.699999988
0.699999988
0.699999988
0.699999988
0.699999988
0.699999988
0.699999988
0.699999988
0.699999988
0.699999988
0.699999988
0.699999988
0.699999988
0.699999988
0.699999988
0.699999988
0.699999988
0.699999988
0.699999988
0.699999988
0.699999988
0.699999988
0.699999988
0.699999988
0.699999988
0.699999988
0.699999988
0.699999988
0.699999988
0.699999988
0.699999988
0.699999988
0.699999988
0.699999988
0.699999988
0.699999988
0.699999988
0.699999988
0.699999988
0.699999988
0.699999988
0.699999988
0.699999988
0.699999988
0.699999988
0.699999988
0.699999988
0.699999988
0.699999988
0.699999988
0.699999988
0.699999988
0.699999988
0.699999988
0.699999988
0.699999988
0.699999988
0.699999988
0.699999988
0.699999988
0.699999988
0.699999988
0.699999988
0.699999988
0.699999988
0.699999988
0.699999988
0.699999988
0.699999988
0.699999988
0.699999988
0.699999988
0.699999988
0.699999988
0.699999988
0.699999988
0.699999988
0.699999988
0.699999988
0.699999988
0.699999988
0.699999988
0.699999988
0.699999988
0.699999988
0.699999988
0.699999988
0.699999988
0.699999988
0.699999988
0.699999988
0.699999988
0.699999988
0.699999988
0.699999988
0.699999988
0.699999988
0.699999988
0.699999988
0.699999988
0.699999988
0.699999988
0.699999988
0.699999988
0.699999988
0.699999988
0.699999988
0.699999988
0.699999988
0.699999988
0.699999988
0.699999988
0.699999988
0.699999988
0.699999988
0.699999988
0.699999988
0.699999988
0.699999988
0.699999988
0.699999988
0.699999988
0.699999988
0.699999988
0.699999988
0.699999988
0.699999988
0.699999988
0.699999988
0.699999988
0.699999988
0.699999988
0.699999988
0.699999988
0.699999988
0.699999988
0.699999988
0.699999988
0.699999988
0.699999988
0.699999988
0.699999988
0.699999988
0.699999988
0.699999988
0.699999988
0.699999988
0.699999988
0.699999988
0.699999988
0.699999988
0.699999988
0.699999988
0.699999988
0.699999988
0.699999988
0.699999988
0.699999988
0.699999988
0.699999988
0.699999988
0.699999988
0.699999988
0.699999988
0.699999988
0.699999988
0.699999988
0.699999988
0.699999988
0.699999988
0.699999988
0.699999988
0.699999988
0.699999988
0.699999988
0.699999988
0.699999988
0.699999988
0.699999988
0.699999988
0.699999988
0.699999988
0.699999988
0.699999988
0.699999988
0.699999988
0.699999988
0.699999988
0.699999988
0.699999988
0.699999988
0.699999988
0.699999988
0.699999988
0.699999988
0.699999988
0.699999988
0.699999988
0.699999988
0.699999988
0.699999988
0.699999988
0.699999988
0.699999988
0.699999988
0.699999988
0.699999988
0.699999988
0.699999988
0.699999988
0.699999988
0.699999988
0.699999988
0.699999988
0.699999988
0.699999988
0.699999988
0.699999988
0.699999988
0.699999988
0.699999988
0.699999988
0.699999988
0.699999988
0.699999988
0.699999988
0.699999988
0.699999988
0.699999988
0.699999988
0.699999988
0.699999988
0.699999988
0.699999988
0.699999988
0.699999988
0.699999988
0.699999988
0.699999988
0.699999988
0.699999988
0.699999988
0.699999988
0.699999988
0.699999988
0.699999988
0.699999988
0.699999988
0.699999988
0.699999988
0.699999988
0.699999988
0.699999988
0.699999988
0.699999988
0.699999988
0.699999988
0.699999988
0.699999988
0.699999988
0.699999988
0.699999988
0.699999988
0.699999988
0.699999988
0.699999988
0.699999988
0.699999988
0.699999988
0.699999988
0.699999988
0.699999988
0.699999988
0.699999988
0.699999988
0.699999988
0.699999988
0.699999988
0.699999988
0.699999988
0.699999988
0.000000000
0.000000000
0.000000000
0.000000000
0.000000000
0.000000000
0.000000000
0.000000000
0.000000000
0.000000000
0.000000000
0.000000000
0.000000000
0.000000000
0.000000000
0.000000000
0.000000000
0.000000000
0.000000000
0.000000000
0.000000000
0.000000000
0.000000000
0.000000000
0.000000000
0.000000000
0.000000000
0.000000000
0.000000000
0.000000000
0.000000000
0.000000000
0.000000000
0.000000000
0.000000000
0.000000000
0.000000000
0.000000000
0.000000000
0.000000000
0.000000000
0.000000000
0.000000000
0.000000000
0.000000000
0.000000000
0.000000000
0.000000000
0.000000000
0.000000000
0.000000000
0.000000000
0.000000000
0.000000000
0.000000000
0.000000000
0.000000000
0.000000000
0.000000000
0.000000000
0.000000000
0.000000000
0.000000000
0.000000000
0.000000000
0.000000000
0.000000000
0.000000000
0.000000000
0.000000000
0.000000000
0.000000000
0.000000000
0.000000000
0.000000000
0.000000000
0.000000000
0.000000000
0.000000000
0.000000000
0.000000000
0.000000000
0.000000000
0.000000000
0.000000000
0.000000000
0.000000000
0.000000000
0.000000000
0.000000000
0.000000000
0.000000000
0.000000000
0.000000000
0.000000000
0.000000000
0.000000000
0.000000000
0.000000000
0.000000000
0.000000000
0.000000000
0.000000000
0.000000000
0.000000000
0.000000000
0.000000000
0.000000000
0.000000000
0.000000000
0.000000000
0.000000000
0.000000000
0.000000000
0.000000000
0.000000000
0.000000000
0.000000000
0.000000000
0.000000000
0.000000000
0.000000000
0.000000000
0.000000000
0.000000000
0.000000000
0.000000000
0.000000000
0.000000000
0.000000000
0.000000000
0.000000000
0.000000000
0.000000000
0.000000000
0.000000000
0.000000000
0.000000000
0.000000000
0.000000000
0.000000000
0.000000000
0.000000000
0.000000000
0.000000000
0.000000000
0.000000000
0.000000000
0.000000000
0.000000000
0.000000000
0.000000000
0.000000000
0.000000000
0.000000000
0.000000000
0.000000000
0.000000000
0.000000000
0.000000000
0.000000000
0.000000000
0.000000000
0.000000000
0.000000000
0.000000000
0.000000000
0.000000000
0.000000000
0.000000000
0.000000000
0.000000000
0.000000000
0.000000000
0.000000000
0.000000000
0.000000000
0.000000000
0.000000000
0.000000000
0.000000000
0.000000000
0.000000000
0.000000000
0.000000000
0.000000000
0.000000000
0.000000000
0.000000000
0.000000000
0.000000000
0.000000000
0.000000000
0.000000000
0.000000000
0.000000000
0.000000000
0.000000000
0.000000000
0.000000000
0.000000000
0.000000000
0.000000000
0.000000000
0.000000000
0.000000000
0.000000000
0.000000000
0.000000000
0.000000000
0.000000000
0.000000000
0.000000000
0.000000000
0.000000000
0.000000000
0.000000000
0.000000000
0.000000000
0.000000000
0.000000000
0.000000000
0.000000000
0.000000000
0.000000000
0.000000000
0.000000000
0.000000000
0.000000000
0.000000000
0.000000000
0.000000000
0.000000000
0.000000000
0.000000000
0.000000000
0.000000000
0.000000000
0.000000000
0.000000000
0.000000000
0.000000000
0.000000000
0.000000000
0.000000000
0.000000000
0.000000000
0.000000000
0.000000000
0.000000000
0.000000000
0.000000000
0.000000000
0.000000000
0.000000000
0.000000000
0.000000000
0.000000000
0.000000000
0.000000000
0.000000000
0.000000000
0.000000000
0.000000000
0.000000000
0.000000000
0.000000000
0.000000000
0.000000000
0.000000000
0.000000000
0.000000000
0.000000000
0.000000000
0.000000000
0.000000000
0.000000000
0.000000000
0.000000000
0.000000000
0.000000000
0.000000000
0.000000000
0.000000000
0.000000000
0.000000000
0.000000000
0.000000000
0.000000000
0.000000000
0.000000000
0.000000000
0.000000000
0.000000000
0.000000000
0.000000000
0.000000000
0.000000000
0.000000000
0.000000000
0.000000000
0.000000000
0.000000000
0.000000000
0.000000000
0.000000000
0.000000000
0.000000000
0.000000000
0.000000000
0.000000000
0.000000000
0.000000000
0.000000000
0.000000000
0.000000000
0.000000000
0.000000000
0.000000000
0.000000000
0.000000000
0.000000000
0.000000000
0.000000000
0.000000000
0.000000000
0.000000000
0.000000000
0.000000000
0.000000000
0.000000000
0.000000000
0.000000000
0.000000000
0.000000000
0.000000000
0.000000000
0.000000000
0.000000000
0.000000000
0.000000000
0.000000000
0.000000000
0.000000000
0.000000000
0.000000000
0.000000000
0.000000000
0.000000000
0.000000000
0.000000000
0.000000000
0.000000000
0.000000000
0.000000000
0.000000000
0.000000000
0.000000000
0.000000000
0.000000000
0.000000000
0.000000000
0.000000000
0.000000000
0.000000000
0.000000000
0.000000000
0.000000000
0.000000000
0.000000000
0.000000000
0.000000000
0.000000000
0.000000000
0.000000000
0.000000000
0.000000000
0.000295725
0.001299541
0.002301037
0.003303135
0.004307542
0.005313583
0.006321933
0.007316986
0.008322742
0.009329975
0.010335559
0.011340888
0.012345089
0.013351437
0.014360435
0.015370035
0.016379371
0.017383121
0.018388674
0.019392243
0.020395204
0.021397563
0.022398457
0.023400286
0.024399105
0.025397837
0.026395785
0.027392097
0.028388314
0.029384607
0.030378580
0.031370740
0.032364346
0.033354774
0.034344073
0.035333969
0.036320500
0.037307449
0.038291734
0.039276432
0.040257603
0.041239019
0.042219307
0.043183014
0.044155389
0.045127820
0.046100665
0.047071710
0.048038177
0.049006261
0.049974073
0.050936639
0.051900811
0.052862130
0.053822841
0.054779667
0.055735540
0.056692325
0.057646260
0.058597010
0.059547640
0.060495928
0.061442591
0.062386725
0.063329890
0.064272270
0.065211438
0.066148788
0.067084312
0.068019740
0.068950221
0.069881976
0.070811406
0.071737431
0.072662339
0.073584557
0.074505605
0.075424850
0.076342240
0.077256113
0.078158349
0.079065949
0.079973966
0.080878586
0.081780344
0.082680807
0.083579227
0.084477380
0.085374698
0.086274840
0.087169200
0.088061005
0.088949271
0.089833632
0.090718925
0.091599762
0.092479967
0.093356468
0.094231434
0.095104255
0.095974848
0.096842401
0.097706765
0.098571166
0.099430919
0.100289054
0.101146542
0.101999409
0.102851450
0.103699617
0.104546934
0.105389513
0.106230207
0.107070073
0.107906923
0.108740509
0.109571561
0.110387206
0.111207202
0.112028219
0.112850286
0.113664702
0.114478767
0.115291312
0.116100825
0.116906226
0.117711499
0.118512832
0.119311608
0.120108724
0.120902568
0.121696465
0.122483119
0.123271942
0.124054343
0.124837346
0.125616416
0.126392901
0.127168551
0.127938539
0.128706530
0.129474327
0.130238235
0.130999535
0.131758288
0.132514507
0.133267269
0.134019867
0.134768575
0.135513812
0.136258081
0.136999056
0.137735739
0.138472095
0.139205232
0.139924616
0.140649498
0.141373336
0.142094821
0.142813906
0.143528804
0.144242749
0.144951671
0.145660296
0.146364763
0.147068232
0.147767514
0.148464963
0.149159849
0.149851263
0.150539920
0.151227534
0.151911929
0.152592853
0.153271899
0.153948307
0.154623091
0.155293673
0.155963227
0.156628639
0.157293007
0.157954141
0.158617824
0.159283400
0.159948915
0.160604328
0.161256269
0.161906272
0.162552923
0.163196743
0.163837805
0.164476097
0.165112525
0.165727511
0.166350573
0.166974574
0.167594194
0.168213546
0.168828696
0.169443682
0.170053795
0.170662865
0.171267778
0.171872526
0.172471508
0.173069403
0.173663676
0.174257830
0.174847126
0.175435424
0.176022932
0.176603138
0.177183852
0.177762747
0.178336978
0.178910077
0.179479092
0.180046901
0.180613220
0.181174725
0.181734219
0.182292804
0.182847545
0.183399528
0.183949783
0.184496775
0.185042858
0.185585797
0.186124563
0.186662242
0.187197536
0.187730268
0.188246951
0.188773811
0.189295948
0.189817250
0.190334544
0.190850943
0.191363275
0.191874757
0.192383066
0.192888990
0.193394035
0.193894550
0.194392323
0.194890052
0.195383146
0.195876122
0.196364462
0.196851879
0.197336048
0.197819591
0.198298424
0.198776275
0.199251890
0.199724391
0.200195178
0.200665459
0.201129466
0.201593190
0.202054769
0.202513024
0.202970639
0.203424364
0.203877330
0.204326525
0.204774007
0.205220133
0.205662295
0.206102997
0.206542104
0.206979185
0.207402915
0.207835227
0.208262265
0.208689347
0.209112003
0.209534734
0.209952801
0.210371152
0.210785672
0.211197063
0.211608574
0.212016419
0.212422758
0.212827042
0.213228226
0.213627979
0.214026481
0.214420497
0.214813590
0.215205491
0.215593711
0.215981334
0.216364369
0.216748357
0.217129707
0.217508271
0.217884541
0.218258798
0.218631670
0.219001815
0.219370559
0.219736561
0.220101252
0.220462188
0.220823377
0.221181139
0.221537560
0.221891046
0.222243398
0.222588494
0.222934887
0.223282635
0.223625422
0.223966852
0.224305555
0.224642098
0.224978074
0.225311458
0.225642875
0.225970596
0.226299316
0.226624846
0.226948231
0.227270514
0.227590173
0.227908641
0.228224486
0.228538334
0.228851900
0.229162931
0.229471251
0.229776815
0.230082750
0.230386972
0.230687067
0.230987549
0.231285468
0.231581569
0.231875837
0.232169181
0.232458323
0.232746959
0.233034581
0.233319789
0.233604819
0.233884931
0.234164655
0.234443307
0.234722152
0.234995231
0.235270575
0.235541046
0.235810414
0.236079723
0.236346588
0.236611024
0.236875281
0.237135515
0.237396270
0.237653017
0.237912059
0.238166392
0.238419026
0.238670647
0.238920540
0.239169717
0.239414811
0.239661247
0.239904702
0.240146488
0.240386620
0.240625903
0.240862861
0.241098985
0.241332769
0.241564900
0.241796181
0.242026031
0.242254317
0.242479384
0.242705211
0.242928833
0.243150920
0.243370771
0.243589640
0.243808031
0.244022429
0.244239211
0.244450837
0.244653672
0.244863659
0.245068997
0.245275006
0.245479822
0.245682269
0.245882526
0.246083587
0.246281758
0.246479303
0.246674627
0.246869341
0.247062787
0.247252971
0.247445107
0.247631878
0.247821912
0.248006955
0.248192728
0.248375729
0.248559773
0.248740211
0.248920843
0.249098673
0.249275804
0.249453247
0.249627218
0.249800503
0.249973267
0.250144839
0.250314444
0.250483602
0.250649810
0.250817001
0.250981629
0.251145691
0.251307726
0.251470089
0.251629859
0.251789033
0.251941025
0.252098411
0.252252400
0.252406746
0.252558351
0.252707690
0.252858222
0.253006786
0.253154248
0.253299594
0.253444523
0.253589034
0.253731787
0.253872454
0.254014343
0.254152834
0.254292578
0.254429638
0.254565746
0.254702151
0.254835278
0.254968822
0.255101204
0.255232662
0.255361408
0.255491316
0.255618662
0.255747527
0.255872160
0.255997270
0.256122053
0.256245315
0.256366611
0.256488442
0.256607771
0.256726682
0.256845534
0.256961763
0.257078588
0.257194519
0.257307887
0.257419288
0.257531762
0.257640988
0.257752120
0.257861048
0.257968783
0.258075595
0.258181393
0.258286148
0.258391619
0.258492917
0.258596420
0.258697391
0.258798331
0.258898318
0.258996665
0.259094864
0.259193003
0.259287953
0.259384215
0.259478211
0.259572774
0.259665072
0.259757102
0.259849131
0.259939700
0.260029435
0.260118246
0.260206223
0.260293394
0.260379672
0.260466784
0.260550946
0.260634780
0.260718763
0.260802031
0.260881990
0.260965884
0.261044562
0.261125416
0.261202365
0.261281520
0.261358500
0.261434495
0.261509836
0.261585027
0.261657894
0.261731416
0.261804283
0.261875570
0.261946082
0.262017369
0.262086511
0.262155563
0.262224048
0.262291729
0.262357950
0.262425005
0.262489796
0.262556404
0.262620032
0.262682766
0.262746453
0.262808740
0.262870252
0.262930334
0.262992978
0.263051987
0.263110936
0.263170242
0.263227999
0.263285965
0.263342649
0.263399422
0.263454854
0.263509512
0.263564527
0.263617992
0.263672560
0.263724267
0.263777554
0.263828039
0.263880193
0.263931125
0.263979912
0.264028549
0.264077485
0.264125019
0.264171839
0.264219701
0.264264643
0.264311284
0.264355063
0.264399648
0.264442861
0.264487922
0.264530361
0.264573663
0.264614999
0.264656514
0.264697462
0.264737070
0.264778584
0.264818132
0.264856339
0.264895529
0.264932752
0.264970958
0.265008837
0.265044540
0.265081435
0.265117019
0.265152961
0.265187681
0.265221924
0.265254796
0.265290290
0.265322506
0.265355706
0.265386730
0.265420645
0.265452713
0.265484571
0.265515924
0.265544474
0.265574694
0.265603662
0.265633017
0.265659481
0.265689313
0.265714854
0.265742928
0.265769184
0.265796572
0.265821308
0.265846938
0.265872270
0.265897334
0.265921026
0.265946031
0.265969157
0.265991658
0.266014576
0.266037911
0.266059458
0.266081303
0.266101897
0.266123742
0.266143650
0.266164809
0.266184896
0.266204536
0.266224802
0.266242296
0.266261697
0.266280830
0.266298085
0.266317427
0.266332477
0.266351849
0.266367793
0.266387671
0.266405195
0.266419202
0.266436577
0.266451359
0.266465604
0.266481072
0.266494691
0.266508520
0.266522139
0.266536176
0.266549200
0.266560972
0.266574800
0.266586095
0.266597629
0.266610652
0.266620994
0.266632617
0.266643077
0.266653299
0.266663074
0.266674310
0.266683698
0.266693681
0.266701788
0.266712725
0.266669244
0.266623080
0.266579151
0.266531110
0.266485691
0.266439617
0.266393185
0.266346693
0.266299218
0.266252100
0.266204089
0.266156495
0.266110480
0.266061246
0.266017437
0.265970111
0.265920818
0.265872717
0.265823692
0.265774190
0.265725315
0.265677065
0.265626222
0.265577555
0.265527844
0.265477240
0.265427113
0.265377730
0.265325606
0.265276611
0.265225887
0.265175104
0.265123338
0.265073627
0.265021682
0.264971852
0.264919698
0.264869750
0.264817357
0.264766425
0.264715374
0.264664471
0.264612585
0.264559716
0.264509022
0.264456868
0.264406264
0.264352351
0.264301330
0.264250547
0.264197350
0.264144659
0.264092594
0.264041483
0.263993055
0.263941884
0.263889015
0.263838410
0.263784498
0.263731778
0.263679802
0.263627738
0.263574004
0.263522536
0.263470352
0.263417363
0.263364106
0.263311505
0.263259947
0.263206691
0.263153255
0.263101459
0.263047218
0.262996078
0.262942642
0.262889922
0.262836397
0.262785256
0.262731016
0.262679875
0.262626439
0.262573808
0.262521863
0.262468576
0.262415826
0.262364000
0.262311459
0.262258053
0.262206256
0.262154609
0.262101293
0.262049735
0.261997283
0.261944115
0.261898458
0.261846483
0.261794269
0.261742771
0.261690378
0.261639595
0.261587262
0.261536419
0.261484027
0.261432409
0.261381567
0.261329174
0.261277586
0.261226743
0.261175245
0.261122853
0.261072963
0.261021554
0.260969400
0.260919631
0.260867655
0.260817170
0.260766000
0.260715663
0.260663867
0.260614395
0.260564506
0.260512948
0.260463059
0.260412335
0.260362566
0.260312110
0.260263443
0.260211527
0.260162771
0.260112643
0.260062516
0.260014117
0.259964406
0.259914547
0.259873331
0.259822726
0.259774148
0.259726405
0.259676337
0.259629250
0.259580821
0.259531587
0.259483904
0.259436250
0.259388089
0.259339035
0.259291440
0.259244859
0.259196192
0.259148955
0.259101063
0.259054005
0.259006321
0.258958548
0.258912534
0.258865237
0.258818686
0.258771479
0.258725971
0.258678287
0.258632064
0.258586049
0.258540213
0.258494616
0.258447349
0.258401662
0.258356273
0.258311749
0.258266747
0.258220315
0.258175254
0.258130461
0.258085847
0.258040547
0.257998645
0.257957458
0.257914335
0.257870555
0.257826865
0.257782191
0.257739961
0.257696360
0.257652700
0.257610857
0.257565886
0.257523179
0.257481396
0.257438362
0.257394403
0.257353663
0.257310987
0.257268190
0.257225513
0.257184416
0.257142901
0.257100672
0.257059336
0.257017285
0.256975174
0.256934881
0.256893158
0.256852269
0.256812453
0.256771266
0.256730050
0.256690621
0.256649733
0.256609738
0.256569892
0.256530285
0.256490767
0.256450593
0.256411314
0.256373018
0.256333351
0.256297141
0.256260693
0.256224036
0.256185859
0.256147802
0.256109715
0.256072432
0.256033599
0.255998075
0.255959690
0.255921900
0.255885780
0.255847543
0.255811751
0.255774438
0.255737185
0.255700827
0.255665362
0.255627811
0.255593508
0.255556226
0.255520552
0.255483270
0.255449295
0.255413264
0.255378038
0.255343050
0.255307347
0.255272448
0.255237818
0.255204171
0.255168319
0.255135685
0.255100131
0.255066156
0.255032301
0.254998684
0.254965246
0.254931033
0.254897833
0.254867196
0.254839033
0.254805028
0.254774153
0.254741937
0.254709601
0.254677325
0.254646778
0.254613996
0.254582733
0.254551709
0.254519939
0.254489005
0.254459202
0.254427016
0.254396558
0.254365236
0.254334867
0.254304647
0.254273802
0.254244566
0.254213154
0.254184157
0.254154682
0.254124403
0.254094243
0.254065692
0.254037589
0.254006267
0.253977299
0.253950208
0.253920138
0.253891677
0.253864139
0.253835380
0.253806472
0.253779411
0.253750026
0.253723949
0.253694892
0.253671795
0.253647864
0.253621250
0.253594697
0.253568947
0.253541589
0.253515899
0.253489435
0.253463835
0.253437638
0.253412187
0.253385216
0.253360748
0.253334761
0.253309727
0.253283978
0.253259122
0.253233463
0.253208756
0.253184259
0.253158957
0.253133774
0.253110290
0.253084481
0.253061146
0.253036439
0.253012538
0.252989769
0.252964675
0.252941191
0.252916992
0.252893597
0.252871275
0.252847582
0.252824783
0.252801269
0.252778590
0.252756119
0.252733767
0.252709925
0.252691925
0.252674907
0.252652079
0.252630621
0.252610058
0.252588689
0.252567470
0.252546132
0.252524912
0.252505273
0.252483487
0.252462387
0.252442986
0.252421379
0.252400398
0.252381206
0.252359748
0.252341568
0.252320409
0.252300888
0.252280563
0.252261192
0.252241194
0.252221853
0.252202004
0.252182901
0.252163172
0.252144337
0.252124757
0.252106011
0.252087504
0.252069116
0.252049208
0.252031714
0.252012759
0.251993954
0.251976788
0.251958251
0.251940519
0.251926482
0.251911581
0.251895398
0.251878560
0.251860857
0.251844764
0.251827121
0.251810938
0.251794934
0.251778364
0.251761705
0.251744986
0.251728415
0.251713395
0.251696259
0.251679778
0.251664191
0.251648724
0.251632571
0.251616418
0.251600385
0.251585901
0.251570106
0.251553416
0.251539230
0.251523614
0.251508802
0.251492530
0.251478553
0.251463354
0.251448870
0.251433849
0.251418680
0.251405299
0.251389682
0.251376480
0.251361907
0.251347244
0.251332700
0.251319826
0.251309007
0.251299679
0.251285344
0.251273125
0.251260251
0.251246482
0.251235217
0.251221627
0.251209557
0.251196027
0.251183152
0.251171172
0.251158416
0.251145780
0.251133919
0.251121372
0.251108825
0.251097202
0.251084775
0.251073301
0.251060307
0.251048744
0.251036584
0.251025259
0.251013190
0.251002073
0.250990212
0.250978440
0.250967354
0.250956565
0.250945151
0.250932693
0.250922799
0.250910580
0.250900775
0.250888795
0.250879169
0.250867307
0.250857860
0.250847042
0.250839710
0.250832975
0.250823498
0.250814140
0.250803828
0.250795007
0.250784755
0.250775963
0.250766575
0.250757098
0.250747710
0.250738204
0.250728756
0.250719368
0.250709891
0.250701308
0.250692964
0.250682056
0.250674337
0.250665307
0.250656128
0.250647932
0.250639021
0.250629246
0.250620991
0.250612885
0.250604212
0.250595391
0.250587523
0.250578940
0.250571251
0.250561953
0.250553370
0.250546485
0.250538230
0.250530005
0.250521779
0.250514328
0.250506341
0.250498205
0.250495344
0.250490010
0.250483274
0.250476629
0.250470757
0.250461698
0.250456393
0.250449687
0.250442088
0.250436068
0.250429422
0.250422716
0.250415146
0.250409186
0.250402480
0.250396609
0.250390083
0.250382721
0.250376880
0.250370324
0.250363827
0.250358164
0.250350118
0.250345141
0.250338733
0.250333309
0.250325382
0.250320554
0.250314444
0.250308216
0.250302911
0.250295103
0.250291437
0.250284731
0.250278652
0.250273585
0.250267684
0.250262737
0.250256181
0.250250340
0.250250518
0.250246793
0.250242263
0.250237882
0.250233352
0.250228941
0.250224411
0.250219107
0.250215381
0.250210047
0.250205398
0.250201583
0.250197172
0.250192642
0.250187367
0.250182748
0.250178933
0.250173628
0.250170708
0.250164688
0.250161767
0.250155777
0.250152051
0.250148416
0.250143230
0.250139654
0.250134528
0.250130892
0.250127435
0.250122488
0.250117362
0.250114560
0.250109613
0.250107020
0.250102252
0.250098944
0.250094116
0.250090897
0.250087023
0.250083804
0.250083536
0.250082970
0.250080407
0.250077844
0.250075340
0.250071794
0.250069112
0.250065476
0.250062555
0.250060529
0.250057787
0.250053257
0.250051945
0.250049204
0.250045568
0.250042647
0.250039726
0.250037700
0.250034064
0.250031143
0.250028223
0.250026196
0.250022560
0.250020534
0.250016898
0.250014871
0.250012040
0.250008464
0.250007331
0.250003815
0.250001132
0.249998391
0.249996483
0.249993891
0.249990493
0.249989390
0.249987051
0.249988079
0.249988899
0.249987766
0.249995068
0.249995649
0.249996990
0.249995962
0.249995410
0.249993935
0.249995410
0.249993935
0.249991983
0.249992356
0.249990299
0.249990508
0.249988213
0.249988243
0.249986663
0.249984980
0.249984846
0.249983102
0.249981999
0.249979317
0.249978840
0.249978468
0.249976546
0.249974519
0.249973968
0.249972761
0.249970734
0.249970257
0.249967277
0.249966621
0.249966070
0.249963149
0.249963388
0.249960408
0.249959752
0.249958381
0.249957010
0.249955639
0.249953374
0.249952719
0.249958202
0.249958202
0.249957308
0.249958023
0.249957204
0.249956146
0.249955803
0.249955460
0.249955043
0.249954760
0.249952704
0.249952018
0.249951333
0.249951541
0.249950141
0.249949381
0.249948755
0.249948069
0.249946564
0.249945641
0.249944851
0.249943927
0.249943957
0.249942377
0.249940693
0.249941379
0.249939799
0.249938115
0.249937981
0.249936238
0.249936923
0.249935344
0.249933660
0.249933451
0.249932662
0.249931738
0.249930874
0.249930084
0.249930054
0.249933615
0.249935567
0.249936014
0.249934882
0.249935880
0.249936223
0.249935672
0.249935016
0.249935016
0.249935910
0.249934301
0.249934196
0.249934852
0.249933958
0.249934673
0.249933854
0.249932796
0.249932453
0.249933824
0.249932110
0.249930874
0.249932140
0.249931082
0.249930739
0.249930397
0.249930054
0.249929711
0.249929294
0.249929011
0.249927849
0.249928162
0.249927819
0.249927476
0.249927133
0.249925897
0.249925449
0.249924868
0.249925241
0.249924898
0.249924555
0.249930248
0.249931037
0.249931067
0.249932647
0.249933437
0.249933466
0.249932513
0.249933615
0.249935016
0.249933988
0.249934331
0.249935567
0.249934301
0.249935359
0.249935701
0.249935225
0.249935329
0.249935567
0.249934852
0.249935672
0.249935910
0.249935195
0.249936089
0.249934480
0.249936089
0.249936193
0.249935538
0.249935538
0.249935538
0.249935538
0.249935538
0.249935538
0.249935538
0.249935538
0.249934718
0.249935374
0.249935374
0.249935374
0.249935374
0.249936193
0.249941573
0.249942705
0.249943972
0.249944285
0.249946207
0.249944806
0.249947205
0.249947414
0.249948204
0.249949127
0.249948204
0.249949604
0.249950290
0.249950156
0.249951497
0.249950469
0.249951705
0.249951333
0.249953389
0.249952361
0.249952704
0.249953046
0.249953389
0.249953732
0.249954075
0.249954417
0.249953941
0.249954939
0.249954388
0.249954626
0.249954730
0.249954075
0.249955788
0.249956131
0.249955654
0.249955758
0.249955997
0.249956101
0.249954626
0.249956101
0.249963194
0.249963030
0.249965057
0.249966428
0.249966085
0.249967113
0.249968141
0.249970064
0.249969557
0.249970347
0.249971271
0.249971241
0.249971926
0.249973506
0.249973476
0.249973267
0.249974668
0.249974534
0.249974981
0.249976382
0.249976248
0.249975875
0.249977112
0.249977559
0.249977246
0.249978483
0.249978110
0.249978453
0.249977902
0.249979854
0.249980375
0.249979109
0.249980167
0.249980509
0.249980852
0.249980375
0.249980479
0.249980718
0.249980822
0.249981880
0.249989077
0.249989152
0.249990463
0.249992654
0.249992549
0.249992862
0.249994785
0.249995992
0.249995410
0.249996334
0.249998018
0.249998152
0.249999076
0.249999046
0.250000626
0.250000596
0.250001281
0.250002801
0.250001997
0.250002503
0.249999523
0.249999434
0.250000089
0.249999195
0.249999091
0.249999747
0.249997959
0.249998569
0.250003546
0.250003517
0.249999046
0.249999523
0.250000238
0.250000238
0.250000238
0.249999434
0.249998376
0.249999747
0.249999747
0.249998853
0.250003874
0.250012428
0.250003636
0.250006437
0.250007987
0.250007987
0.250008643
0.250009358
0.250010014
0.250009000
0.250011146
0.250011742
0.250011563
0.250012130
0.250012577
0.250013977
0.250012934
0.250014186
0.250012934
0.250014871
0.250015378
0.250015020
0.250015378
0.250014812
0.250015855
0.250016212
0.250016570
0.250016898
0.250017226
0.250017583
0.250017941
0.250018358
0.250017732
0.250017077
0.250017971
0.250018954
0.250018418
0.250019491
0.250020713
0.250020325
0.250024915
0.250027090
0.250028402
0.250028878
0.250031054
0.250030637
0.250031650
0.250031799
0.250032723
0.250034392
0.250034630
0.250035405
0.250035435
0.250036120
0.250036895
0.250038326
0.250037551
0.250037968
0.250039399
0.250039250
0.250040591
0.250039577
0.250039905
0.250041962
0.250040948
0.250042170
0.250042617
0.250042319
0.250042647
0.250042975
0.250043333
0.250044584
0.250043392
0.250045180
0.250044048
0.250045061
0.250045419
0.250045747
0.250045180
0.250045419
0.250051558
0.250053823
0.250054479
0.250054955
0.250057131
0.250056744
0.250057757
0.250059605
0.250059158
0.250060856
0.250061870
0.250062078
0.250062048
0.250063628
0.250064433
0.250064433
0.250064313
0.250065655
0.250065446
0.250066042
0.250067353
0.250066340
0.250067592
0.250068009
0.250067711
0.250068963
0.250069380
0.250069082
0.250070333
0.250069946
0.250069469
0.250070453
0.250070810
0.250070274
0.250071317
0.250071645
0.250072002
0.250072360
0.250072688
0.250073016
0.250077695
0.250079721
0.250081986
0.250081837
0.250082135
0.250083983
0.250084341
0.250085473
0.250085533
0.250086457
0.250087261
0.250088155
0.250088155
0.250089705
0.250088811
0.250089377
0.250089824
0.250091225
0.250091076
0.250091553
0.250092119
0.250091732
0.250092089
0.250093341
0.250092059
0.250093997
0.250093639
0.250093997
0.250094324
0.250093758
0.250093997
0.250094116
0.250094354
0.250094473
0.250095606
0.250095874
0.250096202
0.250095665
0.250095904
0.250100315
0.250103891
0.250102967
0.250104755
0.250104308
0.250106812
0.250106364
0.250108063
0.250107348
0.250108957
0.250108898
0.250109613
0.250111163
0.250111163
0.250110924
0.250111520
0.250111163
0.250113189
0.250113010
0.250112772
0.250113040
0.250113368
0.250113726
0.250113189
0.250114232
0.250113755
0.250114739
0.250115097
0.250114560
0.250114799
0.250114888
0.250115126
0.250114411
0.250115216
0.250114560
0.250114560
0.250116289
0.250114918
0.250115812
0.250115931
0.250121295
0.250122488
0.250123620
0.250124097
0.250125051
0.250126064
0.250125408
0.250126064
0.250127673
0.250127614
0.250128329
0.250128090
0.250127792
0.250129849
0.250129700
0.250129342
0.250129700
0.250130922
0.250129640
0.250131607
0.250131249
0.250130683
0.250130922
0.250131011
0.250131249
0.250131369
0.250132442
0.250132769
0.250132293
0.250132382
0.250132620
0.250131905
0.250131905
0.250131905
0.250131905
0.250131905
0.250131905
0.250131905
0.250131905
0.250132740
0.250138998
0.250139415
0.250139803
0.250140011
0.250140876
0.250140846
0.250142336
0.250142395
0.250142246
0.250144422
0.250143617
0.250144124
0.250144601
0.250144273
0.000000000
0.000000000
0.000000000
0.000000000
0.000000000
0.000000000
0.000000000
0.000000000
0.000000000
0.000000000
0.000000000
0.000000000
0.000000000
0.000000000
0.000000000
0.000000000
0.000000000
0.000000000
0.000000000
0.000000000
0.000000000
0.000000000
0.000000000
0.000000000
0.000000000
0.000000000
0.000000000
0.000000000
0.000000000
0.000000000
0.000000000
0.000000000
0.000000000
0.000000000
0.000000000
0.000000000
0.000000000
0.000000000
0.000000000
0.000000000
0.000000000
0.000000000
0.000000000
0.000000000
0.000000000
0.000000000
0.000000000
0.000000000
0.000000000
0.000000000
0.000000000
0.000000000
0.000000000
0.000000000
0.000000000
0.000000000
0.000000000
0.000000000
0.000000000
0.000000000
0.000000000
0.000000000
0.000000000
0.000000000
0.000000000
0.000000000
0.000000000
0.000000000
0.000000000
0.000000000
0.000000000
0.000000000
0.000000000
0.000000000
0.000000000
0.000000000
0.000000000
0.000000000
0.000000000
0.000000000
0.000000000
0.000000000
0.000000000
0.000000000
0.000000000
0.000000000
0.000000000
0.000000000
0.000000000
0.000000000
0.000000000
0.000000000
0.000000000
0.000000000
0.000000000
0.000000000
0.000000000
0.000000000
0.000000000
0.000000000
0.000000000
0.000000000
0.000000000
0.000000000
0.000000000
0.000000000
0.000000000
0.000000000
0.000000000
0.000000000
0.000000000
0.000000000
0.000000000
0.000000000
0.000000000
0.000000000
0.000000000
0.000000000
0.000000000
0.000000000
0.000000000
0.000000000
0.000000000
0.000000000
0.000000000
0.000000000
0.000000000
0.000000000
0.000000000
0.000000000
0.000000000
0.000000000
0.000000000
0.000000000
0.000000000
0.000000000
0.000000000
0.000000000
0.000000000
0.000000000
0.000000000
0.000000000
0.000000000
0.000000000
0.000000000
0.000000000
0.000000000
0.000000000
0.000000000
0.000000000
0.000000000
0.000000000
0.000000000
0.000000000
0.000000000
0.000000000
0.000000000
0.000000000
0.000000000
0.000000000
0.000000000
0.000000000
0.000000000
0.000000000
0.000000000
0.000000000
0.000000000
0.000000000
0.000000000
0.000000000
0.000000000
0.000000000
0.000000000
0.000000000
0.000000000
0.000000000
0.000000000
0.000000000
0.000000000
0.000000000
0.000000000
0.000000000
0.000000000
0.000000000
0.000000000
0.000000000
0.000000000
0.000000000
0.000000000
0.000000000
0.000000000
0.000000000
0.000000000
0.000000000
0.000000000
0.000000000
0.000000000
0.000000000
0.000000000
0.000000000
0.000000000
0.000000000
0.000000000
0.000000000
0.000000000
0.000000000
0.000000000
0.000000000
0.000000000
0.000000000
0.000000000
0.000000000
0.000000000
0.000000000
0.000000000
0.000000000
0.000000000
0.000000000
0.000000000
0.000000000
0.000000000
0.000000000
0.000000000
0.000000000
0.000000000
0.000000000
0.000000000
0.000000000
0.000000000
0.000000000
0.000000000
0.000000000
0.000000000
0.000000000
0.000000000
0.000000000
0.000000000
0.000000000
0.000000000
0.000000000
0.000000000
0.000000000
0.000000000
0.000000000
0.000000000
0.000000000
0.000000000
0.000000000
0.000000000
0.000000000
0.000000000
0.000000000
0.000000000
0.000000000
0.000000000
0.000000000
0.000000000
0.000000000
0.000000000
0.000000000
0.000000000
0.000000000
0.000000000
0.000000000
0.000000000
0.000000000
0.000000000
0.000000000
0.000000000
0.000000000
0.000000000
0.000000000
0.000000000
0.000000000
0.000000000
0.000000000
0.000000000
0.000000000
0.000000000
0.000000000
0.000000000
0.000000000
0.000000000
0.000000000
0.000000000
0.000000000
0.000000000
0.000000000
