4.267140846
4.268140846
4.269140846
4.270140846
4.271140847
4.272140847
4.273140847
4.274140847
4.275140847
4.276140847
4.277140847
4.278140847
4.279140847
4.280140847
4.281140847
4.282140847
4.283140847
4.284140847
4.285140847
4.286140847
4.287140847
4.288140847
4.289140847
4.290140847
4.291140847
4.292140848
4.293140848
4.294140848
4.295140848
4.296140848
4.297140848
4.298140848
4.299140848
4.300140848
4.301140848
4.302140848
4.303140848
4.304140848
4.305140848
4.306140848
4.307140848
4.308140848
4.309140848
4.310140848
4.311140848
4.312140848
4.313140849
4.314140849
4.315140849
4.316140849
4.317140849
4.318140849
4.319140849
4.320140849
4.321140849
4.322140849
4.323140849
4.324140849
4.325140849
4.326140849
4.327140849
4.328140849
4.329140849
4.330140849
4.331140849
4.332140849
4.333140849
4.334140850
4.335140850
4.336140850
4.337140850
4.338140850
4.339140850
4.340140850
4.341140850
4.342140850
4.343140850
4.344140850
4.345140850
4.346140850
4.347140850
4.348140850
4.349140850
4.350140850
4.351140850
4.352140850
4.353140850
4.354140850
4.355140851
4.356140851
4.357140851
4.358140851
4.359140851
4.360140851
4.361140851
4.362140851
4.363140851
4.364140851
4.365140851
4.366140851
4.367140851
4.368140851
4.369140851
4.370140851
4.371140851
4.372140851
4.373140851
4.374140851
4.375140851
4.376140852
4.377140852
4.378140852
4.379140852
4.380140852
4.381140852
4.382140852
4.383140852
4.384140852
4.385140852
4.386140852
4.387140852
4.388140852
4.389140852
4.390140852
4.391140852
4.392140852
4.393140852
4.394140852
4.395140852
4.396140852
4.397140853
4.398140853
4.399140853
4.400140853
4.401140853
4.402140853
4.403140853
4.404140853
4.405140853
4.406140853
4.407140853
4.408140853
4.409140853
4.410140853
4.411140853
4.412140853
4.413140853
4.414140853
4.415140853
4.416140853
4.417140853
4.418140854
4.419140854
4.420140854
4.421140854
4.422140854
4.423140854
4.424140854
4.425140854
4.426140854
4.427140854
4.428140854
4.429140854
4.430140854
4.431140854
4.432140854
4.433140854
4.434140854
4.435140854
4.436140854
4.437140854
4.438140854
4.439140855
4.440140855
4.441140855
4.442140855
4.443140855
4.444140855
4.445140855
4.446140855
4.447140855
4.448140855
4.449140855
4.450140855
4.451140855
4.452140855
4.453140855
4.454140855
4.455140855
4.456140855
4.457140855
4.458140855
4.459140855
4.460140856
4.461140856
4.462140856
4.463140856
4.464140856
4.465140856
4.466140856
4.467140856
4.468140856
4.469140856
4.470140856
4.471140856
4.472140856
4.473140856
4.474140856
4.475140856
4.476140856
4.477140856
4.478140856
4.479140856
4.480140856
4.481140857
4.482140857
4.483140857
4.484140857
4.485140857
4.486140857
4.487140857
4.488140857
4.489140857
4.490140857
4.491140857
4.492140857
4.493140857
4.494140857
4.495140857
4.496140857
4.497140857
4.498140857
4.499140857
4.500140857
4.501140857
4.502140858
4.503140858
4.504140858
4.505140858
4.506140858
4.507140858
4.508140858
4.509140858
4.510140858
4.511140858
4.512140858
4.513140858
4.514140858
4.515140858
4.516140858
4.517140858
4.518140858
4.519140858
4.520140858
4.521140858
4.522140858
4.523140859
4.524140859
4.525140859
4.526140859
4.527140859
4.528140859
4.529140859
4.530140859
4.531140859
4.532140859
4.533140859
4.534140859
4.535140859
4.536140859
4.537140859
4.538140859
4.539140859
4.540140859
4.541140859
4.542140859
4.543140859
4.544140860
4.545140860
4.546140860
4.547140860
4.548140860
4.549140860
4.550140860
4.551140860
4.552140860
4.553140860
4.554140860
4.555140860
4.556140860
4.557140860
4.558140860
4.559140860
4.560140860
4.561140860
4.562140860
4.563140860
4.564140860
4.565140861
4.566140861
4.567140861
4.568140861
4.569140861
4.570140861
4.571140861
4.572140861
4.573140861
4.574140861
4.575140861
4.576140861
4.577140861
4.578140861
4.579140861
4.580140861
4.581140861
4.582140861
4.583140861
4.584140861
4.585140861
4.586140862
4.587140862
4.588140862
4.589140862
4.590140862
4.591140862
4.592140862
4.593140862
4.594140862
4.595140862
4.596140862
4.597140862
4.598140862
4.599140862
4.600140862
4.601140862
4.602140862
4.603140862
4.604140862
4.605140862
4.606140862
4.607140862
4.608140863
4.609140863
4.610140863
4.611140863
4.612140863
4.613140863
4.614140863
4.615140863
4.616140863
4.617140863
4.618140863
4.619140863
4.620140863
4.621140863
4.622140863
4.623140863
4.624140863
4.625140863
4.626140863
4.627140863
4.628140863
4.629140864
4.630140864
4.631140864
4.632140864
4.633140864
4.634140864
4.635140864
4.636140864
4.637140864
4.638140864
4.639140864
4.640140864
4.641140864
4.642140864
4.643140864
4.644140864
4.645140864
4.646140864
4.647140864
4.648140864
4.649140864
4.650140865
4.651140865
4.652140865
4.653140865
4.654140865
4.655140865
4.656140865
4.657140865
4.658140865
4.659140865
4.660140865
4.661140865
4.662140865
4.663140865
4.664140865
4.665140865
4.666140865
4.667140865
4.668140865
4.669140865
4.670140865
4.671140866
4.672140866
4.673140866
4.674140866
4.675140866
4.676140866
4.677140866
4.678140866
4.679140866
4.680140866
4.681140866
4.682140866
4.683140866
4.684140866
4.685140866
4.686140866
4.687140866
4.688140866
4.689140866
4.690140866
4.691140866
4.692140867
4.693140867
4.694140867
4.695140867
4.696140867
4.697140867
4.698140867
4.699140867
4.700140867
4.701140867
4.702140867
4.703140867
4.704140867
4.705140867
4.706140867
4.707140867
4.708140867
4.709140867
4.710140867
4.711140867
4.712140867
4.713140868
4.714140868
4.715140868
4.716140868
4.717140868
4.718140868
4.719140868
4.720140868
4.721140868
4.722140868
4.723140868
4.724140868
4.725140868
4.726140868
4.727140868
4.728140868
4.729140868
4.730140868
4.731140868
4.732140868
4.733140868
4.734140869
4.735140869
4.736140869
4.737140869
4.738140869
4.739140869
4.740140869
4.741140869
4.742140869
4.743140869
4.744140869
4.745140869
4.746140869
4.747140869
4.748140869
4.749140869
4.750140869
4.751140869
4.752140869
4.753140869
4.754140869
4.755140870
4.756140870
4.757140870
4.758140870
4.759140870
4.760140870
4.761140870
4.762140870
4.763140870
4.764140870
4.765140870
4.766140870
4.767140870
4.768140870
4.769140870
4.770140870
4.771140870
4.772140870
4.773140870
4.774140870
4.775140870
4.776140871
4.777140871
4.778140871
4.779140871
4.780140871
4.781140871
4.782140871
4.783140871
4.784140871
4.785140871
4.786140871
4.787140871
4.788140871
4.789140871
4.790140871
4.791140871
4.792140871
4.793140871
4.794140871
4.795140871
4.796140871
4.797140872
4.798140872
4.799140872
4.800140872
4.801140872
4.802140872
4.803140872
4.804140872
4.805140872
4.806140872
4.807140872
4.808140872
4.809140872
4.810140872
4.811140872
4.812140872
4.813140872
4.814140872
4.815140872
4.816140872
4.817140872
4.818140873
4.819140873
4.820140873
4.821140873
4.822140873
4.823140873
4.824140873
4.825140873
4.826140873
4.827140873
4.828140873
4.829140873
4.830140873
4.831140873
4.832140873
4.833140873
4.834140873
4.835140873
4.836140873
4.837140873
4.838140873
4.839140874
4.840140874
4.841140874
4.842140874
4.843140874
4.844140874
4.845140874
4.846140874
4.847140874
4.848140874
4.849140874
4.850140874
4.851140874
4.852140874
4.853140874
4.854140874
4.855140874
4.856140874
4.857140874
4.858140874
4.859140874
4.860140875
4.861140875
4.862140875
4.863140875
4.864140875
4.865140875
4.866140875
4.867140875
4.868140875
4.869140875
4.870140875
4.871140875
4.872140875
4.873140875
4.874140875
4.875140875
4.876140875
4.877140875
4.878140875
4.879140875
4.880140875
4.881140876
4.882140876
4.883140876
4.884140876
4.885140876
4.886140876
4.887140876
4.888140876
4.889140876
4.890140876
4.891140876
4.892140876
4.893140876
4.894140876
4.895140876
4.896140876
4.897140876
4.898140876
4.899140876
4.900140876
4.901140876
4.902140877
4.903140877
4.904140877
4.905140877
4.906140877
4.907140877
4.908140877
4.909140877
4.910140877
4.911140877
4.912140877
4.913140877
4.914140877
4.915140877
4.916140877
4.917140877
4.918140877
4.919140877
4.920140877
4.921140877
4.922140877
4.923140878
4.924140878
4.925140878
4.926140878
4.927140878
4.928140878
4.929140878
4.930140878
4.931140878
4.932140878
4.933140878
4.934140878
4.935140878
4.936140878
4.937140878
4.938140878
4.939140878
4.940140878
4.941140878
4.942140878
4.943140878
4.944140879
4.945140879
4.946140879
4.947140879
4.948140879
4.949140879
4.950140879
4.951140879
4.952140879
4.953140879
4.954140879
4.955140879
4.956140879
4.957140879
4.958140879
4.959140879
4.960140879
4.961140879
4.962140879
4.963140879
4.964140879
4.965140880
4.966140880
4.967140880
4.968140880
4.969140880
4.970140880
4.971140880
4.972140880
4.973140880
4.974140880
4.975140880
4.976140880
4.977140880
4.978140880
4.979140880
4.980140880
4.981140880
4.982140880
4.983140880
4.984140880
4.985140880
4.986140881
4.987140881
4.988140881
4.989140881
4.990140881
4.991140881
4.992140881
4.993140881
4.994140881
4.995140881
4.996140881
4.997140881
4.998140881
4.999140881
5.000140881
5.001140881
5.002140881
5.003140881
5.004140881
5.005140881
5.006140881
5.007140881
5.008140882
5.009140882
5.010140882
5.011140882
5.012140882
5.013140882
5.014140882
5.015140882
5.016140882
5.017140882
5.018140882
5.019140882
5.020140882
5.021140882
5.022140882
5.023140882
5.024140882
5.025140882
5.026140882
5.027140882
5.028140882
5.029140883
5.030140883
5.031140883
5.032140883
5.033140883
5.034140883
5.035140883
5.036140883
5.037140883
5.038140883
5.039140883
5.040140883
5.041140883
5.042140883
5.043140883
5.044140883
5.045140883
5.046140883
5.047140883
5.048140883
5.049140883
5.050140884
5.051140884
5.052140884
5.053140884
5.054140884
5.055140884
5.056140884
5.057140884
5.058140884
5.059140884
5.060140884
5.061140884
5.062140884
5.063140884
5.064140884
5.065140884
5.066140884
5.067140884
5.068140884
5.069140884
5.070140884
5.071140885
5.072140885
5.073140885
5.074140885
5.075140885
5.076140885
5.077140885
5.078140885
5.079140885
5.080140885
5.081140885
5.082140885
5.083140885
5.084140885
5.085140885
5.086140885
5.087140885
5.088140885
5.089140885
5.090140885
5.091140885
5.092140886
5.093140886
5.094140886
5.095140886
5.096140886
5.097140886
5.098140886
5.099140886
5.100140886
5.101140886
5.102140886
5.103140886
5.104140886
5.105140886
5.106140886
5.107140886
5.108140886
5.109140886
5.110140886
5.111140886
5.112140886
5.113140887
5.114140887
5.115140887
5.116140887
5.117140887
5.118140887
5.119140887
5.120140887
5.121140887
5.122140887
5.123140887
5.124140887
5.125140887
5.126140887
5.127140887
5.128140887
5.129140887
5.130140887
5.131140887
5.132140887
5.133140887
5.134140888
5.135140888
5.136140888
5.137140888
5.138140888
5.139140888
5.140140888
5.141140888
5.142140888
5.143140888
5.144140888
5.145140888
5.146140888
5.147140888
5.148140888
5.149140888
5.150140888
5.151140888
5.152140888
5.153140888
5.154140888
5.155140889
5.156140889
5.157140889
5.158140889
5.159140889
5.160140889
5.161140889
5.162140889
5.163140889
5.164140889
5.165140889
5.166140889
5.167140889
5.168140889
5.169140889
5.170140889
5.171140889
5.172140889
5.173140889
5.174140889
5.175140889
5.176140890
5.177140890
5.178140890
5.179140890
5.180140890
5.181140890
5.182140890
5.183140890
5.184140890
5.185140890
5.186140890
5.187140890
5.188140890
5.189140890
5.190140890
5.191140890
5.192140890
5.193140890
5.194140890
5.195140890
5.196140890
5.197140891
5.198140891
5.199140891
5.200140891
5.201140891
5.202140891
5.203140891
5.204140891
5.205140891
5.206140891
5.207140891
5.208140891
5.209140891
5.210140891
5.211140891
5.212140891
5.213140891
5.214140891
5.215140891
5.216140891
5.217140891
5.218140892
5.219140892
5.220140892
5.221140892
5.222140892
5.223140892
5.224140892
5.225140892
5.226140892
5.227140892
5.228140892
5.229140892
5.230140892
5.231140892
5.232140892
5.233140892
5.234140892
5.235140892
5.236140892
5.237140892
5.238140892
5.239140893
5.240140893
5.241140893
5.242140893
5.243140893
5.244140893
5.245140893
5.246140893
5.247140893
5.248140893
5.249140893
5.250140893
5.251140893
5.252140893
5.253140893
5.254140893
5.255140893
5.256140893
5.257140893
5.258140893
5.259140893
5.260140894
5.261140894
5.262140894
5.263140894
5.264140894
5.265140894
5.266140894
5.267140894
5.268140894
5.269140894
5.270140894
5.271140894
5.272140894
5.273140894
5.274140894
5.275140894
5.276140894
5.277140894
5.278140894
5.279140894
5.280140894
5.281140895
5.282140895
5.283140895
5.284140895
5.285140895
5.286140895
5.287140895
5.288140895
5.289140895
5.290140895
5.291140895
5.292140895
5.293140895
5.294140895
5.295140895
5.296140895
5.297140895
5.298140895
5.299140895
5.300140895
5.301140895
5.302140896
5.303140896
5.304140896
5.305140896
5.306140896
5.307140896
5.308140896
5.309140896
5.310140896
5.311140896
5.312140896
5.313140896
5.314140896
5.315140896
5.316140896
5.317140896
5.318140896
5.319140896
5.320140896
5.321140896
5.322140896
5.323140897
5.324140897
5.325140897
5.326140897
5.327140897
5.328140897
5.329140897
5.330140897
5.331140897
5.332140897
5.333140897
5.334140897
5.335140897
5.336140897
5.337140897
5.338140897
5.339140897
5.340140897
5.341140897
5.342140897
5.343140897
5.344140898
5.345140898
5.346140898
5.347140898
5.348140898
5.349140898
5.350140898
5.351140898
5.352140898
5.353140898
5.354140898
5.355140898
5.356140898
5.357140898
5.358140898
5.359140898
5.360140898
5.361140898
5.362140898
5.363140898
5.364140898
5.365140899
5.366140899
5.367140899
5.368140899
5.369140899
5.370140899
5.371140899
5.372140899
5.373140899
5.374140899
5.375140899
5.376140899
5.377140899
5.378140899
5.379140899
5.380140899
5.381140899
5.382140899
5.383140899
5.384140899
5.385140899
5.386140899
5.387140900
5.388140900
5.389140900
5.390140900
5.391140900
5.392140900
5.393140900
5.394140900
5.395140900
5.396140900
5.397140900
5.398140900
5.399140900
5.400140900
5.401140900
5.402140900
5.403140900
5.404140900
5.405140900
5.406140900
5.407140900
5.408140901
5.409140901
5.410140901
5.411140901
5.412140901
5.413140901
5.414140901
5.415140901
5.416140901
5.417140901
5.418140901
5.419140901
5.420140901
5.421140901
5.422140901
5.423140901
5.424140901
5.425140901
5.426140901
5.427140901
5.428140901
5.429140902
5.430140902
5.431140902
5.432140902
5.433140902
5.434140902
5.435140902
5.436140902
5.437140902
5.438140902
5.439140902
5.440140902
5.441140902
5.442140902
5.443140902
5.444140902
5.445140902
5.446140902
5.447140902
5.448140902
5.449140902
5.450140903
5.451140903
5.452140903
5.453140903
5.454140903
5.455140903
5.456140903
5.457140903
5.458140903
5.459140903
5.460140903
5.461140903
5.462140903
5.463140903
5.464140903
5.465140903
5.466140903
5.467140903
5.468140903
5.469140903
5.470140903
5.471140904
5.472140904
5.473140904
5.474140904
5.475140904
5.476140904
5.477140904
5.478140904
5.479140904
5.480140904
5.481140904
5.482140904
5.483140904
5.484140904
5.485140904
5.486140904
5.487140904
5.488140904
5.489140904
5.490140904
5.491140904
5.492140905
5.493140905
5.494140905
5.495140905
5.496140905
5.497140905
5.498140905
5.499140905
5.500140905
5.501140905
5.502140905
5.503140905
5.504140905
5.505140905
5.506140905
5.507140905
5.508140905
5.509140905
5.510140905
5.511140905
5.512140905
5.513140906
5.514140906
5.515140906
5.516140906
5.517140906
5.518140906
5.519140906
5.520140906
5.521140906
5.522140906
5.523140906
5.524140906
5.525140906
5.526140906
5.527140906
5.528140906
5.529140906
5.530140906
5.531140906
5.532140906
5.533140906
5.534140907
5.535140907
5.536140907
5.537140907
5.538140907
5.539140907
5.540140907
5.541140907
5.542140907
5.543140907
5.544140907
5.545140907
5.546140907
5.547140907
5.548140907
5.549140907
5.550140907
5.551140907
5.552140907
5.553140907
5.554140907
5.555140908
5.556140908
5.557140908
5.558140908
5.559140908
5.560140908
5.561140908
5.562140908
5.563140908
5.564140908
5.565140908
5.566140908
5.567140908
5.568140908
5.569140908
5.570140908
5.571140908
5.572140908
5.573140908
5.574140908
5.575140908
5.576140909
5.577140909
5.578140909
5.579140909
5.580140909
5.581140909
5.582140909
5.583140909
5.584140909
5.585140909
5.586140909
5.587140909
5.588140909
5.589140909
5.590140909
5.591140909
5.592140909
5.593140909
5.594140909
5.595140909
5.596140909
5.597140910
5.598140910
5.599140910
5.600140910
5.601140910
5.602140910
5.603140910
5.604140910
5.605140910
5.606140910
5.607140910
5.608140910
5.609140910
5.610140910
5.611140910
5.612140910
5.613140910
5.614140910
5.615140910
5.616140910
5.617140910
5.618140911
5.619140911
5.620140911
5.621140911
5.622140911
5.623140911
5.624140911
5.625140911
5.626140911
5.627140911
5.628140911
5.629140911
5.630140911
5.631140911
5.632140911
5.633140911
5.634140911
5.635140911
5.636140911
5.637140911
5.638140911
5.639140912
5.640140912
5.641140912
5.642140912
5.643140912
5.644140912
5.645140912
5.646140912
5.647140912
5.648140912
5.649140912
5.650140912
5.651140912
5.652140912
5.653140912
5.654140912
5.655140912
5.656140912
5.657140912
5.658140912
5.659140912
5.660140913
5.661140913
5.662140913
5.663140913
5.664140913
5.665140913
5.666140913
5.667140913
5.668140913
5.669140913
5.670140913
5.671140913
5.672140913
5.673140913
5.674140913
5.675140913
5.676140913
5.677140913
5.678140913
5.679140913
5.680140913
5.681140914
5.682140914
5.683140914
5.684140914
5.685140914
5.686140914
5.687140914
5.688140914
5.689140914
5.690140914
5.691140914
5.692140914
5.693140914
5.694140914
5.695140914
5.696140914
5.697140914
5.698140914
5.699140914
5.700140914
5.701140914
5.702140915
5.703140915
5.704140915
5.705140915
5.706140915
5.707140915
5.708140915
5.709140915
5.710140915
5.711140915
5.712140915
5.713140915
5.714140915
5.715140915
5.716140915
5.717140915
5.718140915
5.719140915
5.720140915
5.721140915
5.722140915
5.723140916
5.724140916
5.725140916
5.726140916
5.727140916
5.728140916
5.729140916
5.730140916
5.731140916
5.732140916
5.733140916
5.734140916
5.735140916
5.736140916
5.737140916
5.738140916
5.739140916
5.740140916
5.741140916
5.742140916
5.743140916
5.744140917
5.745140917
5.746140917
5.747140917
5.748140917
5.749140917
5.750140917
5.751140917
5.752140917
5.753140917
5.754140917
5.755140917
5.756140917
5.757140917
5.758140917
5.759140917
5.760140917
5.761140917
5.762140917
5.763140917
5.764140917
5.765140918
5.766140918
5.767140918
5.768140918
5.769140918
5.770140918
5.771140918
5.772140918
5.773140918
5.774140918
5.775140918
5.776140918
5.777140918
5.778140918
5.779140918
5.780140918
5.781140918
5.782140918
5.783140918
5.784140918
5.785140918
5.786140918
5.787140919
5.788140919
5.789140919
5.790140919
5.791140919
5.792140919
5.793140919
5.794140919
5.795140919
5.796140919
5.797140919
5.798140919
5.799140919
5.800140919
5.801140919
5.802140919
5.803140919
5.804140919
5.805140919
5.806140919
5.807140919
5.808140920
5.809140920
5.810140920
5.811140920
5.812140920
5.813140920
5.814140920
5.815140920
5.816140920
5.817140920
5.818140920
5.819140920
5.820140920
5.821140920
5.822140920
5.823140920
5.824140920
5.825140920
5.826140920
5.827140920
5.828140920
5.829140921
5.830140921
5.831140921
5.832140921
5.833140921
5.834140921
5.835140921
5.836140921
5.837140921
5.838140921
5.839140921
5.840140921
5.841140921
5.842140921
5.843140921
5.844140921
5.845140921
5.846140921
5.847140921
5.848140921
5.849140921
5.850140922
5.851140922
5.852140922
5.853140922
5.854140922
5.855140922
5.856140922
5.857140922
5.858140922
5.859140922
5.860140922
5.861140922
5.862140922
5.863140922
5.864140922
5.865140922
5.866140922
5.867140922
5.868140922
5.869140922
5.870140922
5.871140923
5.872140923
5.873140923
5.874140923
5.875140923
5.876140923
5.877140923
5.878140923
5.879140923
5.880140923
5.881140923
5.882140923
5.883140923
5.884140923
5.885140923
5.886140923
5.887140923
5.888140923
5.889140923
5.890140923
5.891140923
5.892140924
5.893140924
5.894140924
5.895140924
5.896140924
5.897140924
5.898140924
5.899140924
5.900140924
5.901140924
5.902140924
5.903140924
5.904140924
5.905140924
5.906140924
5.907140924
5.908140924
5.909140924
5.910140924
5.911140924
5.912140924
5.913140925
5.914140925
5.915140925
5.916140925
5.917140925
5.918140925
5.919140925
5.920140925
5.921140925
5.922140925
5.923140925
5.924140925
5.925140925
5.926140925
5.927140925
5.928140925
5.929140925
5.930140925
5.931140925
5.932140925
5.933140925
5.934140926
5.935140926
5.936140926
5.937140926
5.938140926
5.939140926
5.940140926
5.941140926
5.942140926
5.943140926
5.944140926
5.945140926
5.946140926
5.947140926
5.948140926
5.949140926
5.950140926
5.951140926
5.952140926
5.953140926
5.954140926
5.955140927
5.956140927
5.957140927
5.958140927
5.959140927
5.960140927
5.961140927
5.962140927
5.963140927
5.964140927
5.965140927
5.966140927
5.967140927
5.968140927
5.969140927
5.970140927
5.971140927
5.972140927
5.973140927
5.974140927
5.975140927
5.976140928
5.977140928
5.978140928
5.979140928
5.980140928
5.981140928
5.982140928
5.983140928
5.984140928
5.985140928
5.986140928
5.987140928
5.988140928
5.989140928
5.990140928
5.991140928
5.992140928
5.993140928
5.994140928
5.995140928
5.996140928
5.997140929
5.998140929
5.999140929
6.000140929
6.001140929
6.002140929
6.003140929
6.004140929
6.005140929
6.006140929
6.007140929
6.008140929
6.009140929
6.010140929
6.011140929
6.012140929
6.013140929
6.014140929
6.015140929
6.016140929
6.017140929
6.018140930
6.019140930
6.020140930
6.021140930
6.022140930
6.023140930
6.024140930
6.025140930
6.026140930
6.027140930
6.028140930
6.029140930
6.030140930
6.031140930
6.032140930
6.033140930
6.034140930
6.035140930
6.036140930
6.037140930
6.038140930
6.039140931
6.040140931
6.041140931
6.042140931
6.043140931
6.044140931
6.045140931
6.046140931
6.047140931
6.048140931
6.049140931
6.050140931
6.051140931
6.052140931
6.053140931
6.054140931
6.055140931
6.056140931
6.057140931
6.058140931
6.059140931
6.060140932
6.061140932
6.062140932
6.063140932
6.064140932
6.065140932
6.066140932
6.067140932
6.068140932
6.069140932
6.070140932
6.071140932
6.072140932
6.073140932
6.074140932
6.075140932
6.076140932
6.077140932
6.078140932
6.079140932
6.080140932
6.081140933
6.082140933
6.083140933
6.084140933
6.085140933
6.086140933
6.087140933
6.088140933
6.089140933
6.090140933
6.091140933
6.092140933
6.093140933
6.094140933
6.095140933
6.096140933
6.097140933
6.098140933
6.099140933
6.100140933
6.101140933
6.102140934
6.103140934
6.104140934
6.105140934
6.106140934
6.107140934
6.108140934
6.109140934
6.110140934
6.111140934
6.112140934
6.113140934
6.114140934
6.115140934
6.116140934
6.117140934
6.118140934
6.119140934
6.120140934
6.121140934
6.122140934
6.123140935
6.124140935
6.125140935
6.126140935
6.127140935
6.128140935
6.129140935
6.130140935
6.131140935
6.132140935
6.133140935
6.134140935
6.135140935
6.136140935
6.137140935
6.138140935
6.139140935
6.140140935
6.141140935
6.142140935
6.143140935
6.144140936
6.145140936
6.146140936
6.147140936
6.148140936
6.149140936
6.150140936
6.151140936
6.152140936
6.153140936
6.154140936
6.155140936
6.156140936
6.157140936
6.158140936
6.159140936
6.160140936
6.161140936
6.162140936
6.163140936
6.164140936
6.165140937
6.166140937
6.167140937
6.168140937
6.169140937
6.170140937
6.171140937
6.172140937
6.173140937
6.174140937
6.175140937
6.176140937
6.177140937
6.178140937
6.179140937
6.180140937
6.181140937
6.182140937
6.183140937
6.184140937
6.185140937
6.186140937
6.187140938
6.188140938
6.189140938
6.190140938
6.191140938
6.192140938
6.193140938
6.194140938
6.195140938
6.196140938
6.197140938
6.198140938
6.199140938
6.200140938
6.201140938
6.202140938
6.203140938
6.204140938
6.205140938
6.206140938
6.207140938
6.208140939
6.209140939
6.210140939
6.211140939
6.212140939
6.213140939
6.214140939
6.215140939
6.216140939
6.217140939
6.218140939
6.219140939
6.220140939
6.221140939
6.222140939
6.223140939
6.224140939
6.225140939
6.226140939
6.227140939
6.228140939
6.229140940
6.230140940
6.231140940
6.232140940
6.233140940
6.234140940
6.235140940
6.236140940
6.237140940
6.238140940
6.239140940
6.240140940
6.241140940
6.242140940
6.243140940
6.244140940
6.245140940
6.246140940
6.247140940
6.248140940
6.249140940
6.250140941
6.251140941
6.252140941
6.253140941
6.254140941
6.255140941
6.256140941
6.257140941
6.258140941
6.259140941
6.260140941
6.261140941
6.262140941
6.263140941
6.264140941
6.265140941
6.266140941
6.267140941
6.268140941
6.269140941
6.270140941
6.271140942
6.272140942
6.273140942
6.274140942
6.275140942
6.276140942
6.277140942
6.278140942
6.279140942
6.280140942
6.281140942
6.282140942
6.283140942
6.284140942
6.285140942
6.286140942
6.287140942
6.288140942
6.289140942
6.290140942
6.291140942
6.292140943
6.293140943
6.294140943
6.295140943
6.296140943
6.297140943
6.298140943
6.299140943
6.300140943
6.301140943
6.302140943
6.303140943
6.304140943
6.305140943
6.306140943
6.307140943
6.308140943
6.309140943
6.310140943
6.311140943
6.312140943
6.313140944
6.314140944
6.315140944
6.316140944
6.317140944
6.318140944
6.319140944
6.320140944
6.321140944
6.322140944
6.323140944
6.324140944
6.325140944
6.326140944
6.327140944
6.328140944
6.329140944
6.330140944
6.331140944
6.332140944
6.333140944
6.334140945
6.335140945
6.336140945
6.337140945
6.338140945
6.339140945
6.340140945
6.341140945
6.342140945
6.343140945
6.344140945
6.345140945
6.346140945
6.347140945
6.348140945
6.349140945
6.350140945
6.351140945
6.352140945
6.353140945
6.354140945
6.355140946
6.356140946
6.357140946
6.358140946
6.359140946
6.360140946
6.361140946
6.362140946
6.363140946
6.364140946
6.365140946
6.366140946
6.367140946
6.368140946
6.369140946
6.370140946
6.371140946
6.372140946
6.373140946
6.374140946
6.375140946
6.376140947
6.377140947
6.378140947
6.379140947
6.380140947
6.381140947
6.382140947
6.383140947
6.384140947
6.385140947
6.386140947
6.387140947
6.388140947
6.389140947
6.390140947
6.391140947
6.392140947
6.393140947
6.394140947
6.395140947
6.396140947
6.397140948
6.398140948
6.399140948
6.400140948
6.401140948
6.402140948
6.403140948
6.404140948
6.405140948
6.406140948
6.407140948
6.408140948
6.409140948
6.410140948
6.411140948
6.412140948
6.413140948
6.414140948
6.415140948
6.416140948
6.417140948
6.418140949
6.419140949
6.420140949
6.421140949
6.422140949
6.423140949
6.424140949
6.425140949
6.426140949
6.427140949
6.428140949
6.429140949
6.430140949
6.431140949
6.432140949
6.433140949
6.434140949
6.435140949
6.436140949
6.437140949
6.438140949
6.439140950
6.440140950
6.441140950
6.442140950
6.443140950
6.444140950
6.445140950
6.446140950
6.447140950
6.448140950
6.449140950
6.450140950
6.451140950
6.452140950
6.453140950
6.454140950
6.455140950
6.456140950
6.457140950
6.458140950
6.459140950
6.460140951
6.461140951
6.462140951
6.463140951
6.464140951
6.465140951
6.466140951
6.467140951
6.468140951
6.469140951
6.470140951
6.471140951
6.472140951
6.473140951
6.474140951
6.475140951
6.476140951
6.477140951
6.478140951
6.479140951
6.480140951
6.481140952
6.482140952
6.483140952
6.484140952
6.485140952
6.486140952
6.487140952
6.488140952
6.489140952
6.490140952
6.491140952
6.492140952
6.493140952
6.494140952
6.495140952
6.496140952
6.497140952
6.498140952
6.499140952
6.500140952
6.501140952
6.502140953
6.503140953
6.504140953
6.505140953
6.506140953
6.507140953
6.508140953
6.509140953
6.510140953
6.511140953
6.512140953
6.513140953
6.514140953
6.515140953
6.516140953
6.517140953
6.518140953
6.519140953
6.520140953
6.521140953
6.522140953
6.523140954
6.524140954
6.525140954
6.526140954
6.527140954
6.528140954
6.529140954
6.530140954
6.531140954
6.532140954
6.533140954
6.534140954
6.535140954
6.536140954
6.537140954
6.538140954
6.539140954
6.540140954
6.541140954
6.542140954
6.543140954
6.544140955
6.545140955
6.546140955
6.547140955
6.548140955
6.549140955
6.550140955
6.551140955
6.552140955
6.553140955
6.554140955
6.555140955
6.556140955
6.557140955
6.558140955
6.559140955
6.560140955
6.561140955
6.562140955
6.563140955
6.564140955
6.565140955
6.566140956
6.567140956
6.568140956
6.569140956
6.570140956
6.571140956
6.572140956
6.573140956
6.574140956
6.575140956
6.576140956
6.577140956
6.578140956
6.579140956
6.580140956
6.581140956
6.582140956
6.583140956
6.584140956
6.585140956
6.586140956
6.587140957
6.588140957
6.589140957
6.590140957
6.591140957
6.592140957
6.593140957
6.594140957
6.595140957
6.596140957
6.597140957
6.598140957
6.599140957
6.600140957
6.601140957
6.602140957
6.603140957
6.604140957
6.605140957
6.606140957
6.607140957
6.608140958
6.609140958
6.610140958
6.611140958
6.612140958
6.613140958
6.614140958
6.615140958
6.616140958
6.617140958
6.618140958
6.619140958
6.620140958
6.621140958
6.622140958
6.623140958
6.624140958
6.625140958
6.626140958
6.627140958
6.628140958
6.629140959
6.630140959
6.631140959
6.632140959
6.633140959
6.634140959
6.635140959
6.636140959
6.637140959
6.638140959
6.639140959
6.640140959
6.641140959
6.642140959
6.643140959
6.644140959
6.645140959
6.646140959
6.647140959
6.648140959
6.649140959
6.650140960
6.651140960
6.652140960
6.653140960
6.654140960
6.655140960
6.656140960
6.657140960
6.658140960
6.659140960
6.660140960
6.661140960
6.662140960
6.663140960
6.664140960
6.665140960
6.666140960
6.667140960
6.668140960
6.669140960
6.670140960
6.671140961
6.672140961
6.673140961
6.674140961
6.675140961
6.676140961
6.677140961
6.678140961
6.679140961
6.680140961
6.681140961
6.682140961
6.683140961
6.684140961
6.685140961
6.686140961
6.687140961
6.688140961
6.689140961
6.690140961
6.691140961
6.692140962
6.693140962
6.694140962
6.695140962
6.696140962
6.697140962
6.698140962
6.699140962
6.700140962
6.701140962
6.702140962
6.703140962
6.704140962
6.705140962
6.706140962
6.707140962
6.708140962
6.709140962
6.710140962
6.711140962
6.712140962
6.713140963
6.714140963
6.715140963
6.716140963
6.717140963
6.718140963
6.719140963
6.720140963
6.721140963
6.722140963
6.723140963
6.724140963
6.725140963
6.726140963
6.727140963
6.728140963
6.729140963
6.730140963
6.731140963
6.732140963
6.733140963
6.734140964
6.735140964
6.736140964
6.737140964
6.738140964
6.739140964
6.740140964
6.741140964
6.742140964
6.743140964
6.744140964
6.745140964
6.746140964
6.747140964
6.748140964
6.749140964
6.750140964
6.751140964
6.752140964
6.753140964
6.754140964
6.755140965
6.756140965
6.757140965
6.758140965
6.759140965
6.760140965
6.761140965
6.762140965
6.763140965
6.764140965
6.765140965
6.766140965
6.767140965
6.768140965
6.769140965
6.770140965
6.771140965
6.772140965
6.773140965
6.774140965
6.775140965
6.776140966
6.777140966
6.778140966
6.779140966
6.780140966
6.781140966
6.782140966
6.783140966
6.784140966
6.785140966
6.786140966
6.787140966
6.788140966
6.789140966
6.790140966
6.791140966
6.792140966
6.793140966
6.794140966
6.795140966
6.796140966
6.797140967
6.798140967
6.799140967
6.800140967
6.801140967
6.802140967
6.803140967
6.804140967
6.805140967
6.806140967
6.807140967
6.808140967
6.809140967
6.810140967
6.811140967
6.812140967
6.813140967
6.814140967
6.815140967
6.816140967
6.817140967
6.818140968
6.819140968
6.820140968
6.821140968
6.822140968
6.823140968
6.824140968
6.825140968
6.826140968
6.827140968
6.828140968
6.829140968
6.830140968
6.831140968
6.832140968
6.833140968
6.834140968
6.835140968
6.836140968
6.837140968
6.838140968
6.839140969
6.840140969
6.841140969
6.842140969
6.843140969
6.844140969
6.845140969
6.846140969
6.847140969
6.848140969
6.849140969
6.850140969
6.851140969
6.852140969
6.853140969
6.854140969
6.855140969
6.856140969
6.857140969
6.858140969
6.859140969
6.860140970
6.861140970
6.862140970
6.863140970
6.864140970
6.865140970
6.866140970
6.867140970
6.868140970
6.869140970
6.870140970
6.871140970
6.872140970
6.873140970
6.874140970
6.875140970
6.876140970
6.877140970
6.878140970
6.879140970
6.880140970
6.881140971
6.882140971
6.883140971
6.884140971
6.885140971
6.886140971
6.887140971
6.888140971
6.889140971
6.890140971
6.891140971
6.892140971
6.893140971
6.894140971
6.895140971
6.896140971
6.897140971
6.898140971
6.899140971
6.900140971
6.901140971
6.902140972
6.903140972
6.904140972
6.905140972
6.906140972
6.907140972
6.908140972
6.909140972
6.910140972
6.911140972
6.912140972
6.913140972
6.914140972
6.915140972
6.916140972
6.917140972
6.918140972
6.919140972
6.920140972
6.921140972
6.922140972
6.923140973
6.924140973
6.925140973
6.926140973
6.927140973
6.928140973
6.929140973
6.930140973
6.931140973
6.932140973
6.933140973
6.934140973
6.935140973
6.936140973
6.937140973
6.938140973
6.939140973
6.940140973
6.941140973
6.942140973
6.943140973
6.944140974
6.945140974
6.946140974
6.947140974
6.948140974
6.949140974
6.950140974
6.951140974
6.952140974
6.953140974
6.954140974
6.955140974
6.956140974
6.957140974
6.958140974
6.959140974
6.960140974
6.961140974
6.962140974
6.963140974
6.964140974
6.965140974
6.966140975
6.967140975
6.968140975
6.969140975
6.970140975
6.971140975
6.972140975
6.973140975
6.974140975
6.975140975
6.976140975
6.977140975
6.978140975
6.979140975
6.980140975
6.981140975
6.982140975
6.983140975
6.984140975
6.985140975
6.986140975
6.987140976
6.988140976
6.989140976
6.990140976
6.991140976
6.992140976
6.993140976
6.994140976
6.995140976
6.996140976
6.997140976
6.998140976
6.999140976
7.000140976
7.001140976
7.002140976
7.003140976
7.004140976
7.005140976
7.006140976
7.007140976
7.008140977
7.009140977
7.010140977
7.011140977
7.012140977
7.013140977
7.014140977
7.015140977
7.016140977
7.017140977
7.018140977
7.019140977
7.020140977
7.021140977
7.022140977
7.023140977
7.024140977
7.025140977
7.026140977
7.027140977
7.028140977
7.029140978
7.030140978
7.031140978
7.032140978
7.033140978
7.034140978
7.035140978
7.036140978
7.037140978
7.038140978
7.039140978
7.040140978
7.041140978
7.042140978
7.043140978
7.044140978
7.045140978
7.046140978
7.047140978
7.048140978
7.049140978
7.050140979
7.051140979
7.052140979
7.053140979
7.054140979
7.055140979
7.056140979
7.057140979
7.058140979
7.059140979
7.060140979
7.061140979
7.062140979
7.063140979
7.064140979
7.065140979
7.066140979
7.067140979
7.068140979
7.069140979
7.070140979
7.071140980
7.072140980
7.073140980
7.074140980
7.075140980
7.076140980
7.077140980
7.078140980
7.079140980
7.080140980
7.081140980
7.082140980
7.083140980
7.084140980
7.085140980
7.086140980
7.087140980
7.088140980
7.089140980
7.090140980
7.091140980
7.092140981
7.093140981
7.094140981
7.095140981
7.096140981
7.097140981
7.098140981
7.099140981
7.100140981
7.101140981
7.102140981
7.103140981
7.104140981
7.105140981
7.106140981
7.107140981
7.108140981
7.109140981
7.110140981
7.111140981
7.112140981
7.113140982
7.114140982
7.115140982
7.116140982
7.117140982
7.118140982
7.119140982
7.120140982
7.121140982
7.122140982
7.123140982
7.124140982
7.125140982
7.126140982
7.127140982
7.128140982
7.129140982
7.130140982
7.131140982
7.132140982
7.133140982
7.134140983
7.135140983
7.136140983
7.137140983
7.138140983
7.139140983
7.140140983
7.141140983
7.142140983
7.143140983
7.144140983
7.145140983
7.146140983
7.147140983
7.148140983
7.149140983
7.150140983
7.151140983
7.152140983
7.153140983
7.154140983
7.155140984
7.156140984
7.157140984
7.158140984
7.159140984
7.160140984
7.161140984
7.162140984
7.163140984
7.164140984
7.165140984
7.166140984
7.167140984
7.168140984
7.169140984
7.170140984
7.171140984
7.172140984
7.173140984
7.174140984
7.175140984
7.176140985
7.177140985
7.178140985
7.179140985
7.180140985
7.181140985
7.182140985
7.183140985
7.184140985
7.185140985
7.186140985
7.187140985
7.188140985
7.189140985
7.190140985
7.191140985
7.192140985
7.193140985
7.194140985
7.195140985
7.196140985
7.197140986
7.198140986
7.199140986
7.200140986
7.201140986
7.202140986
7.203140986
7.204140986
7.205140986
7.206140986
7.207140986
7.208140986
7.209140986
7.210140986
7.211140986
7.212140986
7.213140986
7.214140986
7.215140986
7.216140986
7.217140986
7.218140987
7.219140987
7.220140987
7.221140987
7.222140987
7.223140987
7.224140987
7.225140987
7.226140987
7.227140987
7.228140987
7.229140987
7.230140987
7.231140987
7.232140987
7.233140987
7.234140987
7.235140987
7.236140987
7.237140987
7.238140987
7.239140988
7.240140988
7.241140988
7.242140988
7.243140988
7.244140988
7.245140988
7.246140988
7.247140988
7.248140988
7.249140988
7.250140988
7.251140988
7.252140988
7.253140988
7.254140988
7.255140988
7.256140988
7.257140988
7.258140988
7.259140988
7.260140989
7.261140989
7.262140989
7.263140989
7.264140989
7.265140989
7.266140989
7.267140989
7.268140989
7.269140989
7.270140989
7.271140989
7.272140989
7.273140989
7.274140989
7.275140989
7.276140989
7.277140989
7.278140989
7.279140989
7.280140989
7.281140990
7.282140990
7.283140990
7.284140990
7.285140990
7.286140990
7.287140990
7.288140990
7.289140990
7.290140990
7.291140990
7.292140990
7.293140990
7.294140990
7.295140990
7.296140990
7.297140990
7.298140990
7.299140990
7.300140990
7.301140990
7.302140991
7.303140991
7.304140991
7.305140991
7.306140991
7.307140991
7.308140991
7.309140991
7.310140991
7.311140991
7.312140991
7.313140991
7.314140991
7.315140991
7.316140991
7.317140991
7.318140991
7.319140991
7.320140991
7.321140991
7.322140991
7.323140992
7.324140992
7.325140992
7.326140992
7.327140992
7.328140992
7.329140992
7.330140992
7.331140992
7.332140992
7.333140992
7.334140992
7.335140992
7.336140992
7.337140992
7.338140992
7.339140992
7.340140992
7.341140992
7.342140992
7.343140992
7.344140992
7.345140993
7.346140993
7.347140993
7.348140993
7.349140993
7.350140993
7.351140993
7.352140993
7.353140993
7.354140993
7.355140993
7.356140993
7.357140993
7.358140993
7.359140993
7.360140993
7.361140993
7.362140993
7.363140993
7.364140993
7.365140993
7.366140994
7.367140994
7.368140994
7.369140994
7.370140994
7.371140994
7.372140994
7.373140994
7.374140994
7.375140994
7.376140994
7.377140994
7.378140994
7.379140994
7.380140994
7.381140994
7.382140994
7.383140994
7.384140994
7.385140994
7.386140994
7.387140995
7.388140995
7.389140995
7.390140995
7.391140995
7.392140995
7.393140995
7.394140995
7.395140995
7.396140995
7.397140995
7.398140995
7.399140995
7.400140995
7.401140995
7.402140995
7.403140995
7.404140995
7.405140995
7.406140995
7.407140995
7.408140996
7.409140996
7.410140996
7.411140996
7.412140996
7.413140996
7.414140996
7.415140996
7.416140996
7.417140996
7.418140996
7.419140996
7.420140996
7.421140996
7.422140996
7.423140996
7.424140996
7.425140996
7.426140996
7.427140996
7.428140996
7.429140997
7.430140997
7.431140997
7.432140997
7.433140997
7.434140997
7.435140997
7.436140997
7.437140997
7.438140997
7.439140997
7.440140997
7.441140997
7.442140997
7.443140997
7.444140997
7.445140997
7.446140997
7.447140997
7.448140997
7.449140997
7.450140998
7.451140998
7.452140998
7.453140998
7.454140998
7.455140998
7.456140998
7.457140998
7.458140998
7.459140998
7.460140998
7.461140998
7.462140998
7.463140998
7.464140998
7.465140998
7.466140998
7.467140998
7.468140998
7.469140998
7.470140998
7.471140999
7.472140999
7.473140999
7.474140999
7.475140999
7.476140999
7.477140999
7.478140999
7.479140999
7.480140999
7.481140999
7.482140999
7.483140999
7.484140999
7.485140999
7.486140999
7.487140999
7.488140999
7.489140999
7.490140999
7.491140999
7.492141000
7.493141000
7.494141000
7.495141000
7.496141000
7.497141000
7.498141000
7.499141000
7.500141000
7.501141000
7.502141000
7.503141000
7.504141000
7.505141000
7.506141000
7.507141000
7.508141000
7.509141000
7.510141000
7.511141000
7.512141000
7.513141001
7.514141001
7.515141001
7.516141001
7.517141001
7.518141001
7.519141001
7.520141001
7.521141001
7.522141001
7.523141001
7.524141001
7.525141001
7.526141001
7.527141001
7.528141001
7.529141001
7.530141001
7.531141001
7.532141001
7.533141001
7.534141002
7.535141002
7.536141002
7.537141002
7.538141002
7.539141002
7.540141002
7.541141002
7.542141002
7.543141002
7.544141002
7.545141002
7.546141002
7.547141002
7.548141002
7.549141002
7.550141002
7.551141002
7.552141002
7.553141002
7.554141002
7.555141003
7.556141003
7.557141003
7.558141003
7.559141003
7.560141003
7.561141003
7.562141003
7.563141003
7.564141003
7.565141003
7.566141003
7.567141003
7.568141003
7.569141003
7.570141003
7.571141003
7.572141003
7.573141003
7.574141003
7.575141003
7.576141004
7.577141004
7.578141004
7.579141004
7.580141004
7.581141004
7.582141004
7.583141004
7.584141004
7.585141004
7.586141004
7.587141004
7.588141004
7.589141004
7.590141004
7.591141004
7.592141004
7.593141004
7.594141004
7.595141004
7.596141004
7.597141005
7.598141005
7.599141005
7.600141005
7.601141005
7.602141005
7.603141005
7.604141005
7.605141005
7.606141005
7.607141005
7.608141005
7.609141005
7.610141005
7.611141005
7.612141005
7.613141005
7.614141005
7.615141005
7.616141005
7.617141005
7.618141006
7.619141006
7.620141006
7.621141006
7.622141006
7.623141006
7.624141006
7.625141006
7.626141006
7.627141006
7.628141006
7.629141006
7.630141006
7.631141006
7.632141006
7.633141006
7.634141006
7.635141006
7.636141006
7.637141006
7.638141006
7.639141007
7.640141007
7.641141007
7.642141007
7.643141007
7.644141007
7.645141007
7.646141007
7.647141007
7.648141007
7.649141007
7.650141007
7.651141007
7.652141007
7.653141007
7.654141007
7.655141007
7.656141007
7.657141007
7.658141007
7.659141007
7.660141008
7.661141008
7.662141008
7.663141008
7.664141008
7.665141008
7.666141008
7.667141008
7.668141008
7.669141008
7.670141008
7.671141008
7.672141008
7.673141008
7.674141008
7.675141008
7.676141008
7.677141008
7.678141008
7.679141008
7.680141008
7.681141009
7.682141009
7.683141009
7.684141009
7.685141009
7.686141009
7.687141009
7.688141009
7.689141009
7.690141009
7.691141009
7.692141009
7.693141009
7.694141009
7.695141009
7.696141009
7.697141009
7.698141009
7.699141009
7.700141009
7.701141009
7.702141010
7.703141010
7.704141010
7.705141010
7.706141010
7.707141010
7.708141010
7.709141010
7.710141010
7.711141010
7.712141010
7.713141010
7.714141010
7.715141010
7.716141010
7.717141010
7.718141010
7.719141010
7.720141010
7.721141010
7.722141010
7.723141011
7.724141011
7.725141011
7.726141011
7.727141011
7.728141011
7.729141011
7.730141011
7.731141011
7.732141011
7.733141011
7.734141011
7.735141011
7.736141011
7.737141011
7.738141011
7.739141011
7.740141011
7.741141011
7.742141011
7.743141011
7.744141011
7.745141012
7.746141012
7.747141012
7.748141012
7.749141012
7.750141012
7.751141012
7.752141012
7.753141012
7.754141012
7.755141012
7.756141012
7.757141012
7.758141012
7.759141012
7.760141012
7.761141012
7.762141012
7.763141012
7.764141012
7.765141012
7.766141013
7.767141013
7.768141013
7.769141013
7.770141013
7.771141013
7.772141013
7.773141013
7.774141013
7.775141013
7.776141013
7.777141013
7.778141013
7.779141013
7.780141013
7.781141013
7.782141013
7.783141013
7.784141013
7.785141013
7.786141013
7.787141014
7.788141014
7.789141014
7.790141014
7.791141014
7.792141014
7.793141014
7.794141014
7.795141014
7.796141014
7.797141014
7.798141014
7.799141014
7.800141014
7.801141014
7.802141014
7.803141014
7.804141014
7.805141014
7.806141014
7.807141014
7.808141015
7.809141015
7.810141015
7.811141015
7.812141015
7.813141015
7.814141015
7.815141015
7.816141015
7.817141015
7.818141015
7.819141015
7.820141015
7.821141015
7.822141015
7.823141015
7.824141015
7.825141015
7.826141015
7.827141015
7.828141015
7.829141016
7.830141016
7.831141016
7.832141016
7.833141016
7.834141016
7.835141016
7.836141016
7.837141016
7.838141016
7.839141016
7.840141016
7.841141016
7.842141016
7.843141016
7.844141016
7.845141016
7.846141016
7.847141016
7.848141016
7.849141016
7.850141017
7.851141017
7.852141017
7.853141017
7.854141017
7.855141017
7.856141017
7.857141017
7.858141017
7.859141017
7.860141017
7.861141017
7.862141017
7.863141017
7.864141017
7.865141017
7.866141017
7.867141017
7.868141017
7.869141017
7.870141017
7.871141018
7.872141018
7.873141018
7.874141018
7.875141018
7.876141018
7.877141018
7.878141018
7.879141018
7.880141018
7.881141018
7.882141018
7.883141018
7.884141018
7.885141018
7.886141018
7.887141018
7.888141018
7.889141018
7.890141018
7.891141018
7.892141019
7.893141019
7.894141019
7.895141019
7.896141019
7.897141019
7.898141019
7.899141019
7.900141019
7.901141019
7.902141019
7.903141019
7.904141019
7.905141019
7.906141019
7.907141019
7.908141019
7.909141019
7.910141019
7.911141019
7.912141019
7.913141020
7.914141020
7.915141020
7.916141020
7.917141020
7.918141020
7.919141020
7.920141020
7.921141020
7.922141020
7.923141020
7.924141020
7.925141020
7.926141020
7.927141020
7.928141020
7.929141020
7.930141020
7.931141020
7.932141020
7.933141020
7.934141021
7.935141021
7.936141021
7.937141021
7.938141021
7.939141021
7.940141021
7.941141021
7.942141021
7.943141021
7.944141021
7.945141021
7.946141021
7.947141021
7.948141021
7.949141021
7.950141021
7.951141021
7.952141021
7.953141021
7.954141021
7.955141022
7.956141022
7.957141022
7.958141022
7.959141022
7.960141022
7.961141022
7.962141022
7.963141022
7.964141022
7.965141022
7.966141022
7.967141022
7.968141022
7.969141022
7.970141022
7.971141022
7.972141022
7.973141022
7.974141022
7.975141022
7.976141023
7.977141023
7.978141023
7.979141023
7.980141023
7.981141023
7.982141023
7.983141023
7.984141023
7.985141023
7.986141023
7.987141023
7.988141023
7.989141023
7.990141023
7.991141023
7.992141023
7.993141023
7.994141023
7.995141023
7.996141023
7.997141024
7.998141024
7.999141024
8.000141024
8.001141024
8.002141024
8.003141024
8.004141024
8.005141024
8.006141024
8.007141024
8.008141024
8.009141024
8.010141024
8.011141024
8.012141024
8.013141024
8.014141024
8.015141024
8.016141024
8.017141024
8.018141025
8.019141025
8.020141025
8.021141025
8.022141025
8.023141025
8.024141025
8.025141025
8.026141025
8.027141025
8.028141025
8.029141025
8.030141025
8.031141025
8.032141025
8.033141025
8.034141025
8.035141025
8.036141025
8.037141025
8.038141025
8.039141026
8.040141026
8.041141026
8.042141026
8.043141026
8.044141026
8.045141026
8.046141026
8.047141026
8.048141026
8.049141026
8.050141026
8.051141026
8.052141026
8.053141026
8.054141026
8.055141026
8.056141026
8.057141026
8.058141026
8.059141026
8.060141027
8.061141027
8.062141027
8.063141027
8.064141027
8.065141027
8.066141027
8.067141027
8.068141027
8.069141027
8.070141027
8.071141027
8.072141027
8.073141027
8.074141027
8.075141027
8.076141027
8.077141027
8.078141027
8.079141027
8.080141027
8.081141028
8.082141028
8.083141028
8.084141028
8.085141028
8.086141028
8.087141028
8.088141028
8.089141028
8.090141028
8.091141028
8.092141028
8.093141028
8.094141028
8.095141028
8.096141028
8.097141028
8.098141028
8.099141028
8.100141028
8.101141028
8.102141029
8.103141029
8.104141029
8.105141029
8.106141029
8.107141029
8.108141029
8.109141029
8.110141029
8.111141029
8.112141029
8.113141029
8.114141029
8.115141029
8.116141029
8.117141029
8.118141029
8.119141029
8.120141029
8.121141029
8.122141029
8.123141030
8.124141030
8.125141030
8.126141030
8.127141030
8.128141030
8.129141030
8.130141030
8.131141030
8.132141030
8.133141030
8.134141030
8.135141030
8.136141030
8.137141030
8.138141030
8.139141030
8.140141030
8.141141030
8.142141030
8.143141030
8.144141030
8.145141031
8.146141031
8.147141031
8.148141031
8.149141031
8.150141031
8.151141031
8.152141031
8.153141031
8.154141031
8.155141031
8.156141031
8.157141031
8.158141031
8.159141031
8.160141031
8.161141031
8.162141031
8.163141031
8.164141031
8.165141031
8.166141032
8.167141032
8.168141032
8.169141032
8.170141032
8.171141032
8.172141032
8.173141032
8.174141032
8.175141032
8.176141032
8.177141032
8.178141032
8.179141032
8.180141032
8.181141032
8.182141032
8.183141032
8.184141032
8.185141032
8.186141032
8.187141033
8.188141033
8.189141033
8.190141033
8.191141033
8.192141033
8.193141033
8.194141033
8.195141033
8.196141033
8.197141033
8.198141033
8.199141033
8.200141033
8.201141033
8.202141033
8.203141033
8.204141033
8.205141033
8.206141033
8.207141033
8.208141034
8.209141034
8.210141034
8.211141034
8.212141034
8.213141034
8.214141034
8.215141034
8.216141034
8.217141034
8.218141034
8.219141034
8.220141034
8.221141034
8.222141034
8.223141034
8.224141034
8.225141034
8.226141034
8.227141034
8.228141034
8.229141035
8.230141035
8.231141035
8.232141035
8.233141035
8.234141035
8.235141035
8.236141035
8.237141035
8.238141035
8.239141035
8.240141035
8.241141035
8.242141035
8.243141035
8.244141035
8.245141035
8.246141035
8.247141035
8.248141035
8.249141035
8.250141036
8.251141036
8.252141036
8.253141036
8.254141036
8.255141036
8.256141036
8.257141036
8.258141036
8.259141036
8.260141036
8.261141036
8.262141036
8.263141036
8.264141036
8.265141036
8.266141036
8.267141036
8.268141036
8.269141036
8.270141036
8.271141037
8.272141037
8.273141037
8.274141037
8.275141037
8.276141037
8.277141037
8.278141037
8.279141037
8.280141037
8.281141037
8.282141037
8.283141037
8.284141037
8.285141037
8.286141037
8.287141037
8.288141037
8.289141037
8.290141037
8.291141037
8.292141038
8.293141038
8.294141038
8.295141038
8.296141038
8.297141038
8.298141038
8.299141038
8.300141038
8.301141038
8.302141038
8.303141038
8.304141038
8.305141038
8.306141038
8.307141038
8.308141038
8.309141038
8.310141038
8.311141038
8.312141038
8.313141039
8.314141039
8.315141039
8.316141039
8.317141039
8.318141039
8.319141039
8.320141039
8.321141039
8.322141039
8.323141039
8.324141039
8.325141039
8.326141039
8.327141039
8.328141039
8.329141039
8.330141039
8.331141039
8.332141039
8.333141039
8.334141040
8.335141040
8.336141040
8.337141040
8.338141040
8.339141040
8.340141040
8.341141040
8.342141040
8.343141040
8.344141040
8.345141040
8.346141040
8.347141040
8.348141040
8.349141040
8.350141040
8.351141040
8.352141040
8.353141040
8.354141040
8.355141041
8.356141041
8.357141041
8.358141041
8.359141041
8.360141041
8.361141041
8.362141041
8.363141041
8.364141041
8.365141041
8.366141041
8.367141041
8.368141041
8.369141041
8.370141041
8.371141041
8.372141041
8.373141041
8.374141041
8.375141041
8.376141042
8.377141042
8.378141042
8.379141042
8.380141042
8.381141042
8.382141042
8.383141042
8.384141042
8.385141042
8.386141042
8.387141042
8.388141042
8.389141042
8.390141042
8.391141042
8.392141042
8.393141042
8.394141042
8.395141042
8.396141042
8.397141043
8.398141043
8.399141043
8.400141043
8.401141043
8.402141043
8.403141043
8.404141043
8.405141043
8.406141043
8.407141043
8.408141043
8.409141043
8.410141043
8.411141043
8.412141043
8.413141043
8.414141043
8.415141043
8.416141043
8.417141043
8.418141044
8.419141044
8.420141044
8.421141044
8.422141044
8.423141044
8.424141044
8.425141044
8.426141044
8.427141044
8.428141044
8.429141044
8.430141044
8.431141044
8.432141044
8.433141044
8.434141044
8.435141044
8.436141044
8.437141044
8.438141044
8.439141045
8.440141045
8.441141045
8.442141045
8.443141045
8.444141045
8.445141045
8.446141045
8.447141045
8.448141045
8.449141045
8.450141045
8.451141045
8.452141045
8.453141045
8.454141045
8.455141045
8.456141045
8.457141045
8.458141045
8.459141045
8.460141046
8.461141046
8.462141046
8.463141046
8.464141046
8.465141046
8.466141046
8.467141046
8.468141046
8.469141046
8.470141046
8.471141046
8.472141046
8.473141046
8.474141046
8.475141046
8.476141046
8.477141046
8.478141046
8.479141046
8.480141046
8.481141047
8.482141047
8.483141047
8.484141047
8.485141047
8.486141047
8.487141047
8.488141047
8.489141047
8.490141047
8.491141047
8.492141047
8.493141047
8.494141047
8.495141047
8.496141047
8.497141047
8.498141047
8.499141047
8.500141047
8.501141047
8.502141048
8.503141048
8.504141048
8.505141048
8.506141048
8.507141048
8.508141048
8.509141048
8.510141048
8.511141048
8.512141048
8.513141048
8.514141048
8.515141048
8.516141048
8.517141048
8.518141048
8.519141048
8.520141048
8.521141048
8.522141048
8.523141048
8.524141049
8.525141049
8.526141049
8.527141049
8.528141049
8.529141049
8.530141049
8.531141049
8.532141049
8.533141049
8.534141049
8.535141049
8.536141049
8.537141049
8.538141049
8.539141049
8.540141049
8.541141049
8.542141049
8.543141049
8.544141049
8.545141050
8.546141050
8.547141050
8.548141050
8.549141050
8.550141050
8.551141050
8.552141050
8.553141050
8.554141050
8.555141050
8.556141050
8.557141050
8.558141050
8.559141050
8.560141050
8.561141050
8.562141050
8.563141050
8.564141050
8.565141050
8.566141051
8.567141051
8.568141051
8.569141051
8.570141051
8.571141051
8.572141051
8.573141051
8.574141051
8.575141051
8.576141051
8.577141051
8.578141051
8.579141051
8.580141051
8.581141051
8.582141051
8.583141051
8.584141051
8.585141051
8.586141051
8.587141052
8.588141052
8.589141052
8.590141052
8.591141052
8.592141052
8.593141052
8.594141052
8.595141052
8.596141052
8.597141052
8.598141052
8.599141052
8.600141052
8.601141052
8.602141052
8.603141052
8.604141052
8.605141052
8.606141052
8.607141052
8.608141053
8.609141053
8.610141053
8.611141053
8.612141053
8.613141053
8.614141053
8.615141053
8.616141053
8.617141053
8.618141053
8.619141053
8.620141053
8.621141053
8.622141053
8.623141053
8.624141053
8.625141053
8.626141053
8.627141053
8.628141053
8.629141054
8.630141054
8.631141054
8.632141054
8.633141054
8.634141054
8.635141054
8.636141054
8.637141054
8.638141054
8.639141054
8.640141054
8.641141054
8.642141054
8.643141054
8.644141054
8.645141054
8.646141054
8.647141054
8.648141054
8.649141054
8.650141055
8.651141055
8.652141055
8.653141055
8.654141055
8.655141055
8.656141055
8.657141055
8.658141055
8.659141055
8.660141055
8.661141055
8.662141055
8.663141055
8.664141055
8.665141055
8.666141055
8.667141055
8.668141055
8.669141055
8.670141055
8.671141056
8.672141056
8.673141056
8.674141056
8.675141056
8.676141056
8.677141056
8.678141056
8.679141056
8.680141056
8.681141056
8.682141056
8.683141056
8.684141056
8.685141056
8.686141056
8.687141056
8.688141056
8.689141056
8.690141056
8.691141056
8.692141057
8.693141057
8.694141057
8.695141057
8.696141057
8.697141057
8.698141057
8.699141057
8.700141057
8.701141057
8.702141057
8.703141057
8.704141057
8.705141057
8.706141057
8.707141057
8.708141057
8.709141057
8.710141057
8.711141057
8.712141057
8.713141058
8.714141058
8.715141058
8.716141058
8.717141058
8.718141058
8.719141058
8.720141058
8.721141058
8.722141058
8.723141058
8.724141058
8.725141058
8.726141058
8.727141058
8.728141058
8.729141058
8.730141058
8.731141058
8.732141058
8.733141058
8.734141059
8.735141059
8.736141059
8.737141059
8.738141059
8.739141059
8.740141059
8.741141059
8.742141059
8.743141059
8.744141059
8.745141059
8.746141059
8.747141059
8.748141059
8.749141059
8.750141059
8.751141059
8.752141059
8.753141059
8.754141059
8.755141060
8.756141060
8.757141060
8.758141060
8.759141060
8.760141060
8.761141060
8.762141060
8.763141060
8.764141060
8.765141060
8.766141060
8.767141060
8.768141060
8.769141060
8.770141060
8.771141060
8.772141060
8.773141060
8.774141060
8.775141060
8.776141061
8.777141061
8.778141061
8.779141061
8.780141061
8.781141061
8.782141061
8.783141061
8.784141061
8.785141061
8.786141061
8.787141061
8.788141061
8.789141061
8.790141061
8.791141061
8.792141061
8.793141061
8.794141061
8.795141061
8.796141061
8.797141062
8.798141062
8.799141062
8.800141062
8.801141062
8.802141062
8.803141062
8.804141062
8.805141062
8.806141062
8.807141062
8.808141062
8.809141062
8.810141062
8.811141062
8.812141062
8.813141062
8.814141062
8.815141062
8.816141062
8.817141062
8.818141063
8.819141063
8.820141063
8.821141063
8.822141063
8.823141063
8.824141063
8.825141063
8.826141063
8.827141063
8.828141063
8.829141063
8.830141063
8.831141063
8.832141063
8.833141063
8.834141063
8.835141063
8.836141063
8.837141063
8.838141063
8.839141064
8.840141064
8.841141064
8.842141064
8.843141064
8.844141064
8.845141064
8.846141064
8.847141064
8.848141064
8.849141064
8.850141064
8.851141064
8.852141064
8.853141064
8.854141064
8.855141064
8.856141064
8.857141064
8.858141064
8.859141064
8.860141065
8.861141065
8.862141065
8.863141065
8.864141065
8.865141065
8.866141065
8.867141065
8.868141065
8.869141065
8.870141065
8.871141065
8.872141065
8.873141065
8.874141065
8.875141065
8.876141065
8.877141065
8.878141065
8.879141065
8.880141065
8.881141066
8.882141066
8.883141066
8.884141066
8.885141066
8.886141066
8.887141066
8.888141066
8.889141066
8.890141066
8.891141066
8.892141066
8.893141066
8.894141066
8.895141066
8.896141066
8.897141066
8.898141066
8.899141066
8.900141066
8.901141066
8.902141067
8.903141067
8.904141067
8.905141067
8.906141067
8.907141067
8.908141067
8.909141067
8.910141067
8.911141067
8.912141067
8.913141067
8.914141067
8.915141067
8.916141067
8.917141067
8.918141067
8.919141067
8.920141067
8.921141067
8.922141067
8.923141067
8.924141068
8.925141068
8.926141068
8.927141068
8.928141068
8.929141068
8.930141068
8.931141068
8.932141068
8.933141068
8.934141068
8.935141068
8.936141068
8.937141068
8.938141068
8.939141068
8.940141068
8.941141068
8.942141068
8.943141068
8.944141068
8.945141069
8.946141069
8.947141069
8.948141069
8.949141069
8.950141069
8.951141069
8.952141069
8.953141069
8.954141069
8.955141069
8.956141069
8.957141069
8.958141069
8.959141069
8.960141069
8.961141069
8.962141069
8.963141069
8.964141069
8.965141069
8.966141070
8.967141070
8.968141070
8.969141070
8.970141070
8.971141070
8.972141070
8.973141070
8.974141070
8.975141070
8.976141070
8.977141070
8.978141070
8.979141070
8.980141070
8.981141070
8.982141070
8.983141070
8.984141070
8.985141070
8.986141070
8.987141071
8.988141071
8.989141071
8.990141071
8.991141071
8.992141071
8.993141071
8.994141071
8.995141071
8.996141071
8.997141071
8.998141071
8.999141071
9.000141071
9.001141071
9.002141071
9.003141071
9.004141071
9.005141071
9.006141071
9.007141071
9.008141072
9.009141072
9.010141072
9.011141072
9.012141072
9.013141072
9.014141072
9.015141072
9.016141072
9.017141072
9.018141072
9.019141072
9.020141072
9.021141072
9.022141072
9.023141072
9.024141072
9.025141072
9.026141072
9.027141072
9.028141072
9.029141073
9.030141073
9.031141073
9.032141073
9.033141073
9.034141073
9.035141073
9.036141073
9.037141073
9.038141073
9.039141073
9.040141073
9.041141073
9.042141073
9.043141073
9.044141073
9.045141073
9.046141073
9.047141073
9.048141073
9.049141073
9.050141074
9.051141074
9.052141074
9.053141074
9.054141074
9.055141074
9.056141074
9.057141074
9.058141074
9.059141074
9.060141074
9.061141074
9.062141074
9.063141074
9.064141074
9.065141074
9.066141074
9.067141074
9.068141074
9.069141074
9.070141074
9.071141075
9.072141075
9.073141075
9.074141075
9.075141075
9.076141075
9.077141075
9.078141075
9.079141075
9.080141075
9.081141075
9.082141075
9.083141075
9.084141075
9.085141075
9.086141075
9.087141075
9.088141075
9.089141075
9.090141075
9.091141075
9.092141076
9.093141076
9.094141076
9.095141076
9.096141076
9.097141076
9.098141076
9.099141076
9.100141076
9.101141076
9.102141076
9.103141076
9.104141076
9.105141076
9.106141076
9.107141076
9.108141076
9.109141076
9.110141076
9.111141076
9.112141076
9.113141077
9.114141077
9.115141077
9.116141077
9.117141077
9.118141077
9.119141077
9.120141077
9.121141077
9.122141077
9.123141077
9.124141077
9.125141077
9.126141077
9.127141077
9.128141077
9.129141077
9.130141077
9.131141077
9.132141077
9.133141077
9.134141078
9.135141078
9.136141078
9.137141078
9.138141078
9.139141078
9.140141078
9.141141078
9.142141078
9.143141078
9.144141078
9.145141078
9.146141078
9.147141078
9.148141078
9.149141078
9.150141078
9.151141078
9.152141078
9.153141078
9.154141078
9.155141079
9.156141079
9.157141079
9.158141079
9.159141079
9.160141079
9.161141079
9.162141079
9.163141079
9.164141079
9.165141079
9.166141079
9.167141079
9.168141079
9.169141079
9.170141079
9.171141079
9.172141079
9.173141079
9.174141079
9.175141079
9.176141080
9.177141080
9.178141080
9.179141080
9.180141080
9.181141080
9.182141080
9.183141080
9.184141080
9.185141080
9.186141080
9.187141080
9.188141080
9.189141080
9.190141080
9.191141080
9.192141080
9.193141080
9.194141080
9.195141080
9.196141080
9.197141081
9.198141081
9.199141081
9.200141081
9.201141081
9.202141081
9.203141081
9.204141081
9.205141081
9.206141081
9.207141081
9.208141081
9.209141081
9.210141081
9.211141081
9.212141081
9.213141081
9.214141081
9.215141081
9.216141081
9.217141081
9.218141082
9.219141082
9.220141082
9.221141082
9.222141082
9.223141082
9.224141082
9.225141082
9.226141082
9.227141082
9.228141082
9.229141082
9.230141082
9.231141082
9.232141082
9.233141082
9.234141082
9.235141082
9.236141082
9.237141082
9.238141082
9.239141083
9.240141083
9.241141083
9.242141083
9.243141083
9.244141083
9.245141083
9.246141083
9.247141083
9.248141083
9.249141083
9.250141083
9.251141083
9.252141083
9.253141083
9.254141083
9.255141083
9.256141083
9.257141083
9.258141083
9.259141083
9.260141084
9.261141084
9.262141084
9.263141084
9.264141084
9.265141084
9.266141084
9.267141084
9.268141084
9.269141084
9.270141084
9.271141084
9.272141084
9.273141084
9.274141084
9.275141084
9.276141084
9.277141084
9.278141084
9.279141084
9.280141084
9.281141085
9.282141085
9.283141085
9.284141085
9.285141085
9.286141085
9.287141085
9.288141085
9.289141085
9.290141085
9.291141085
9.292141085
9.293141085
9.294141085
9.295141085
9.296141085
9.297141085
9.298141085
9.299141085
9.300141085
9.301141085
9.302141085
9.303141086
9.304141086
9.305141086
9.306141086
9.307141086
9.308141086
9.309141086
9.310141086
9.311141086
9.312141086
9.313141086
9.314141086
9.315141086
9.316141086
9.317141086
9.318141086
9.319141086
9.320141086
9.321141086
9.322141086
9.323141086
9.324141087
9.325141087
9.326141087
9.327141087
9.328141087
9.329141087
9.330141087
9.331141087
9.332141087
9.333141087
9.334141087
9.335141087
9.336141087
9.337141087
9.338141087
9.339141087
9.340141087
9.341141087
9.342141087
9.343141087
9.344141087
9.345141088
9.346141088
9.347141088
9.348141088
9.349141088
9.350141088
9.351141088
9.352141088
9.353141088
9.354141088
9.355141088
9.356141088
9.357141088
9.358141088
9.359141088
9.360141088
9.361141088
9.362141088
9.363141088
9.364141088
9.365141088
9.366141089
9.367141089
9.368141089
9.369141089
9.370141089
9.371141089
9.372141089
9.373141089
9.374141089
9.375141089
9.376141089
9.377141089
9.378141089
9.379141089
9.380141089
9.381141089
9.382141089
9.383141089
9.384141089
9.385141089
9.386141089
9.387141090
9.388141090
9.389141090
9.390141090
9.391141090
9.392141090
9.393141090
9.394141090
9.395141090
9.396141090
9.397141090
9.398141090
9.399141090
9.400141090
9.401141090
9.402141090
9.403141090
9.404141090
9.405141090
9.406141090
9.407141090
9.408141091
9.409141091
9.410141091
9.411141091
9.412141091
9.413141091
9.414141091
9.415141091
9.416141091
9.417141091
9.418141091
9.419141091
9.420141091
9.421141091
9.422141091
9.423141091
9.424141091
9.425141091
9.426141091
9.427141091
9.428141091
9.429141092
9.430141092
9.431141092
9.432141092
9.433141092
9.434141092
9.435141092
9.436141092
9.437141092
9.438141092
9.439141092
9.440141092
9.441141092
9.442141092
9.443141092
9.444141092
9.445141092
9.446141092
9.447141092
9.448141092
9.449141092
9.450141093
9.451141093
9.452141093
9.453141093
9.454141093
9.455141093
9.456141093
9.457141093
9.458141093
9.459141093
9.460141093
9.461141093
9.462141093
9.463141093
9.464141093
9.465141093
9.466141093
9.467141093
9.468141093
9.469141093
9.470141093
9.471141094
9.472141094
9.473141094
9.474141094
9.475141094
9.476141094
9.477141094
9.478141094
9.479141094
9.480141094
9.481141094
9.482141094
9.483141094
9.484141094
9.485141094
9.486141094
9.487141094
9.488141094
9.489141094
9.490141094
9.491141094
9.492141095
9.493141095
9.494141095
9.495141095
9.496141095
9.497141095
9.498141095
9.499141095
9.500141095
9.501141095
9.502141095
9.503141095
9.504141095
9.505141095
9.506141095
9.507141095
9.508141095
9.509141095
9.510141095
9.511141095
9.512141095
9.513141096
9.514141096
9.515141096
9.516141096
9.517141096
9.518141096
9.519141096
9.520141096
9.521141096
9.522141096
9.523141096
9.524141096
9.525141096
9.526141096
9.527141096
9.528141096
9.529141096
9.530141096
9.531141096
9.532141096
9.533141096
9.534141097
9.535141097
9.536141097
9.537141097
9.538141097
9.539141097
9.540141097
9.541141097
9.542141097
9.543141097
9.544141097
9.545141097
9.546141097
9.547141097
9.548141097
9.549141097
9.550141097
9.551141097
9.552141097
9.553141097
9.554141097
9.555141098
9.556141098
9.557141098
9.558141098
9.559141098
9.560141098
9.561141098
9.562141098
9.563141098
9.564141098
9.565141098
9.566141098
9.567141098
9.568141098
9.569141098
9.570141098
9.571141098
9.572141098
9.573141098
9.574141098
9.575141098
9.576141099
9.577141099
9.578141099
9.579141099
9.580141099
9.581141099
9.582141099
9.583141099
9.584141099
9.585141099
9.586141099
9.587141099
9.588141099
9.589141099
9.590141099
9.591141099
9.592141099
9.593141099
9.594141099
9.595141099
9.596141099
9.597141100
9.598141100
9.599141100
9.600141100
9.601141100
9.602141100
9.603141100
9.604141100
9.605141100
9.606141100
9.607141100
9.608141100
9.609141100
9.610141100
9.611141100
9.612141100
9.613141100
9.614141100
9.615141100
9.616141100
9.617141100
9.618141101
9.619141101
9.620141101
9.621141101
9.622141101
9.623141101
9.624141101
9.625141101
9.626141101
9.627141101
9.628141101
9.629141101
9.630141101
9.631141101
9.632141101
9.633141101
9.634141101
9.635141101
9.636141101
9.637141101
9.638141101
9.639141102
9.640141102
9.641141102
9.642141102
9.643141102
9.644141102
9.645141102
9.646141102
9.647141102
9.648141102
9.649141102
9.650141102
9.651141102
9.652141102
9.653141102
9.654141102
9.655141102
9.656141102
9.657141102
9.658141102
9.659141102
9.660141103
9.661141103
9.662141103
9.663141103
9.664141103
9.665141103
9.666141103
9.667141103
9.668141103
9.669141103
9.670141103
9.671141103
9.672141103
9.673141103
9.674141103
9.675141103
9.676141103
9.677141103
9.678141103
9.679141103
9.680141103
9.681141104
9.682141104
9.683141104
9.684141104
9.685141104
9.686141104
9.687141104
9.688141104
9.689141104
9.690141104
9.691141104
9.692141104
9.693141104
9.694141104
9.695141104
9.696141104
9.697141104
9.698141104
9.699141104
9.700141104
9.701141104
9.702141104
9.703141105
9.704141105
9.705141105
9.706141105
9.707141105
9.708141105
9.709141105
9.710141105
9.711141105
9.712141105
9.713141105
9.714141105
9.715141105
9.716141105
9.717141105
9.718141105
9.719141105
9.720141105
9.721141105
9.722141105
9.723141105
9.724141106
9.725141106
9.726141106
9.727141106
9.728141106
9.729141106
9.730141106
9.731141106
9.732141106
9.733141106
9.734141106
9.735141106
9.736141106
9.737141106
9.738141106
9.739141106
9.740141106
9.741141106
9.742141106
9.743141106
9.744141106
9.745141107
9.746141107
9.747141107
9.748141107
9.749141107
9.750141107
9.751141107
9.752141107
9.753141107
9.754141107
9.755141107
9.756141107
9.757141107
9.758141107
9.759141107
9.760141107
9.761141107
9.762141107
9.763141107
9.764141107
9.765141107
9.766141108
9.767141108
9.768141108
9.769141108
9.770141108
9.771141108
9.772141108
9.773141108
9.774141108
9.775141108
9.776141108
9.777141108
9.778141108
9.779141108
9.780141108
9.781141108
9.782141108
9.783141108
9.784141108
9.785141108
9.786141108
9.787141109
9.788141109
9.789141109
9.790141109
9.791141109
9.792141109
9.793141109
9.794141109
9.795141109
9.796141109
9.797141109
9.798141109
9.799141109
9.800141109
9.801141109
9.802141109
9.803141109
9.804141109
9.805141109
9.806141109
9.807141109
9.808141110
9.809141110
9.810141110
9.811141110
9.812141110
9.813141110
9.814141110
9.815141110
9.816141110
9.817141110
9.818141110
9.819141110
9.820141110
9.821141110
9.822141110
9.823141110
9.824141110
9.825141110
9.826141110
9.827141110
9.828141110
9.829141111
9.830141111
9.831141111
9.832141111
9.833141111
9.834141111
9.835141111
9.836141111
9.837141111
9.838141111
9.839141111
9.840141111
9.841141111
9.842141111
9.843141111
9.844141111
9.845141111
9.846141111
9.847141111
9.848141111
9.849141111
9.850141112
9.851141112
9.852141112
9.853141112
9.854141112
9.855141112
9.856141112
9.857141112
9.858141112
9.859141112
9.860141112
9.861141112
9.862141112
9.863141112
9.864141112
9.865141112
9.866141112
9.867141112
9.868141112
9.869141112
9.870141112
9.871141113
9.872141113
9.873141113
9.874141113
9.875141113
9.876141113
9.877141113
9.878141113
9.879141113
9.880141113
9.881141113
9.882141113
9.883141113
9.884141113
9.885141113
9.886141113
9.887141113
9.888141113
9.889141113
9.890141113
9.891141113
9.892141114
9.893141114
9.894141114
9.895141114
9.896141114
9.897141114
9.898141114
9.899141114
9.900141114
9.901141114
9.902141114
9.903141114
9.904141114
9.905141114
9.906141114
9.907141114
9.908141114
9.909141114
9.910141114
9.911141114
9.912141114
9.913141115
9.914141115
9.915141115
9.916141115
9.917141115
9.918141115
9.919141115
9.920141115
9.921141115
9.922141115
9.923141115
9.924141115
9.925141115
9.926141115
9.927141115
9.928141115
9.929141115
9.930141115
9.931141115
9.932141115
9.933141115
9.934141116
9.935141116
9.936141116
9.937141116
9.938141116
9.939141116
9.940141116
9.941141116
9.942141116
9.943141116
9.944141116
9.945141116
9.946141116
9.947141116
9.948141116
9.949141116
9.950141116
9.951141116
9.952141116
9.953141116
9.954141116
9.955141117
9.956141117
9.957141117
9.958141117
9.959141117
9.960141117
9.961141117
9.962141117
9.963141117
9.964141117
9.965141117
9.966141117
9.967141117
9.968141117
9.969141117
9.970141117
9.971141117
9.972141117
9.973141117
9.974141117
9.975141117
9.976141118
9.977141118
9.978141118
9.979141118
9.980141118
9.981141118
9.982141118
9.983141118
9.984141118
9.985141118
9.986141118
9.987141118
9.988141118
9.989141118
9.990141118
9.991141118
9.992141118
9.993141118
9.994141118
9.995141118
9.996141118
9.997141119
9.998141119
9.999141119
10.000141119
10.001141119
10.002141119
10.003141119
10.004141119
10.005141119
10.006141119
10.007141119
10.008141119
10.009141119
10.010141119
10.011141119
10.012141119
10.013141119
10.014141119
10.015141119
10.016141119
10.017141119
10.018141120
10.019141120
10.020141120
10.021141120
10.022141120
10.023141120
10.024141120
10.025141120
10.026141120
10.027141120
10.028141120
10.029141120
10.030141120
10.031141120
10.032141120
10.033141120
10.034141120
10.035141120
10.036141120
10.037141120
10.038141120
10.039141121
10.040141121
10.041141121
10.042141121
10.043141121
10.044141121
10.045141121
10.046141121
10.047141121
10.048141121
10.049141121
10.050141121
10.051141121
10.052141121
10.053141121
10.054141121
10.055141121
10.056141121
10.057141121
10.058141121
10.059141121
10.060141122
10.061141122
10.062141122
10.063141122
10.064141122
10.065141122
10.066141122
10.067141122
10.068141122
10.069141122
10.070141122
10.071141122
10.072141122
10.073141122
10.074141122
10.075141122
10.076141122
10.077141122
10.078141122
10.079141122
10.080141122
10.081141123
10.082141123
10.083141123
10.084141123
10.085141123
10.086141123
10.087141123
10.088141123
10.089141123
10.090141123
10.091141123
10.092141123
10.093141123
10.094141123
10.095141123
10.096141123
10.097141123
10.098141123
10.099141123
10.100141123
10.101141123
10.102141123
10.103141124
10.104141124
10.105141124
10.106141124
10.107141124
10.108141124
10.109141124
10.110141124
10.111141124
10.112141124
10.113141124
10.114141124
10.115141124
10.116141124
10.117141124
10.118141124
10.119141124
10.120141124
10.121141124
10.122141124
10.123141124
10.124141125
10.125141125
10.126141125
10.127141125
10.128141125
10.129141125
10.130141125
10.131141125
10.132141125
10.133141125
10.134141125
10.135141125
10.136141125
10.137141125
10.138141125
10.139141125
10.140141125
10.141141125
10.142141125
10.143141125
10.144141125
10.145141126
10.146141126
10.147141126
10.148141126
10.149141126
10.150141126
10.151141126
10.152141126
10.153141126
10.154141126
10.155141126
10.156141126
10.157141126
10.158141126
10.159141126
10.160141126
10.161141126
10.162141126
10.163141126
10.164141126
10.165141126
10.166141127
10.167141127
10.168141127
10.169141127
10.170141127
10.171141127
10.172141127
10.173141127
10.174141127
10.175141127
10.176141127
10.177141127
10.178141127
10.179141127
10.180141127
10.181141127
10.182141127
10.183141127
10.184141127
10.185141127
10.186141127
10.187141128
10.188141128
10.189141128
10.190141128
10.191141128
10.192141128
10.193141128
10.194141128
10.195141128
10.196141128
10.197141128
10.198141128
10.199141128
10.200141128
10.201141128
10.202141128
10.203141128
10.204141128
10.205141128
10.206141128
10.207141128
10.208141129
10.209141129
10.210141129
10.211141129
10.212141129
10.213141129
10.214141129
10.215141129
10.216141129
10.217141129
10.218141129
10.219141129
10.220141129
10.221141129
10.222141129
10.223141129
10.224141129
10.225141129
10.226141129
10.227141129
10.228141129
10.229141130
10.230141130
10.231141130
10.232141130
10.233141130
10.234141130
10.235141130
10.236141130
10.237141130
10.238141130
10.239141130
10.240141130
10.241141130
10.242141130
10.243141130
10.244141130
10.245141130
10.246141130
10.247141130
10.248141130
10.249141130
10.250141131
10.251141131
10.252141131
10.253141131
10.254141131
10.255141131
10.256141131
10.257141131
10.258141131
10.259141131
10.260141131
10.261141131
10.262141131
10.263141131
10.264141131
10.265141131
10.266141131
10.267141131
10.268141131
10.269141131
10.270141131
10.271141132
10.272141132
10.273141132
10.274141132
10.275141132
10.276141132
10.277141132
10.278141132
10.279141132
10.280141132
10.281141132
10.282141132
10.283141132
10.284141132
10.285141132
10.286141132
10.287141132
10.288141132
10.289141132
10.290141132
10.291141132
10.292141133
10.293141133
10.294141133
10.295141133
10.296141133
10.297141133
10.298141133
10.299141133
10.300141133
10.301141133
10.302141133
10.303141133
10.304141133
10.305141133
10.306141133
10.307141133
10.308141133
10.309141133
10.310141133
10.311141133
10.312141133
10.313141134
10.314141134
10.315141134
10.316141134
10.317141134
10.318141134
10.319141134
10.320141134
10.321141134
10.322141134
10.323141134
10.324141134
10.325141134
10.326141134
10.327141134
10.328141134
10.329141134
10.330141134
10.331141134
10.332141134
10.333141134
10.334141135
10.335141135
10.336141135
10.337141135
10.338141135
10.339141135
10.340141135
10.341141135
10.342141135
10.343141135
10.344141135
10.345141135
10.346141135
10.347141135
10.348141135
10.349141135
10.350141135
10.351141135
10.352141135
10.353141135
10.354141135
10.355141136
10.356141136
10.357141136
10.358141136
10.359141136
10.360141136
10.361141136
10.362141136
10.363141136
10.364141136
10.365141136
10.366141136
10.367141136
10.368141136
10.369141136
10.370141136
10.371141136
10.372141136
10.373141136
10.374141136
10.375141136
10.376141137
10.377141137
10.378141137
10.379141137
10.380141137
10.381141137
10.382141137
10.383141137
10.384141137
10.385141137
10.386141137
10.387141137
10.388141137
10.389141137
10.390141137
10.391141137
10.392141137
10.393141137
10.394141137
10.395141137
10.396141137
10.397141138
10.398141138
10.399141138
10.400141138
10.401141138
10.402141138
10.403141138
10.404141138
10.405141138
10.406141138
10.407141138
10.408141138
10.409141138
10.410141138
10.411141138
10.412141138
10.413141138
10.414141138
10.415141138
10.416141138
10.417141138
10.418141139
10.419141139
10.420141139
10.421141139
10.422141139
10.423141139
10.424141139
10.425141139
10.426141139
10.427141139
10.428141139
10.429141139
10.430141139
10.431141139
10.432141139
10.433141139
10.434141139
10.435141139
10.436141139
10.437141139
10.438141139
10.439141140
10.440141140
10.441141140
10.442141140
10.443141140
10.444141140
10.445141140
10.446141140
10.447141140
10.448141140
10.449141140
10.450141140
10.451141140
10.452141140
10.453141140
10.454141140
10.455141140
10.456141140
10.457141140
10.458141140
10.459141140
10.460141141
10.461141141
10.462141141
10.463141141
10.464141141
10.465141141
10.466141141
10.467141141
10.468141141
10.469141141
10.470141141
10.471141141
10.472141141
10.473141141
10.474141141
10.475141141
10.476141141
10.477141141
10.478141141
10.479141141
10.480141141
10.481141141
10.482141142
10.483141142
10.484141142
10.485141142
10.486141142
10.487141142
10.488141142
10.489141142
10.490141142
10.491141142
10.492141142
10.493141142
10.494141142
10.495141142
10.496141142
10.497141142
10.498141142
10.499141142
10.500141142
10.501141142
10.502141142
10.503141143
10.504141143
10.505141143
10.506141143
10.507141143
10.508141143
10.509141143
10.510141143
10.511141143
10.512141143
10.513141143
10.514141143
10.515141143
10.516141143
10.517141143
10.518141143
10.519141143
10.520141143
10.521141143
10.522141143
10.523141143
10.524141144
10.525141144
10.526141144
10.527141144
10.528141144
10.529141144
10.530141144
10.531141144
10.532141144
10.533141144
10.534141144
10.535141144
10.536141144
10.537141144
10.538141144
10.539141144
10.540141144
10.541141144
10.542141144
10.543141144
10.544141144
10.545141145
10.546141145
10.547141145
10.548141145
10.549141145
10.550141145
10.551141145
10.552141145
10.553141145
10.554141145
10.555141145
10.556141145
10.557141145
10.558141145
10.559141145
10.560141145
10.561141145
10.562141145
10.563141145
10.564141145
10.565141145
10.566141146
10.567141146
10.568141146
10.569141146
10.570141146
10.571141146
10.572141146
10.573141146
10.574141146
10.575141146
10.576141146
10.577141146
10.578141146
10.579141146
10.580141146
10.581141146
10.582141146
10.583141146
10.584141146
10.585141146
10.586141146
10.587141147
10.588141147
10.589141147
10.590141147
10.591141147
10.592141147
10.593141147
10.594141147
10.595141147
10.596141147
10.597141147
10.598141147
10.599141147
10.600141147
10.601141147
10.602141147
10.603141147
10.604141147
10.605141147
10.606141147
10.607141147
10.608141148
10.609141148
10.610141148
10.611141148
10.612141148
10.613141148
10.614141148
10.615141148
10.616141148
10.617141148
10.618141148
10.619141148
10.620141148
10.621141148
10.622141148
10.623141148
10.624141148
10.625141148
10.626141148
10.627141148
10.628141148
10.629141149
10.630141149
10.631141149
10.632141149
10.633141149
10.634141149
10.635141149
10.636141149
10.637141149
10.638141149
10.639141149
10.640141149
10.641141149
10.642141149
10.643141149
10.644141149
10.645141149
10.646141149
10.647141149
10.648141149
10.649141149
10.650141150
10.651141150
10.652141150
10.653141150
10.654141150
10.655141150
10.656141150
10.657141150
10.658141150
10.659141150
10.660141150
10.661141150
10.662141150
10.663141150
10.664141150
10.665141150
10.666141150
10.667141150
10.668141150
10.669141150
10.670141150
10.671141151
10.672141151
10.673141151
10.674141151
10.675141151
10.676141151
10.677141151
10.678141151
10.679141151
10.680141151
10.681141151
10.682141151
10.683141151
10.684141151
10.685141151
10.686141151
10.687141151
10.688141151
10.689141151
10.690141151
10.691141151
10.692141152
10.693141152
10.694141152
10.695141152
10.696141152
10.697141152
10.698141152
10.699141152
10.700141152
10.701141152
10.702141152
10.703141152
10.704141152
10.705141152
10.706141152
10.707141152
10.708141152
10.709141152
10.710141152
10.711141152
10.712141152
10.713141153
10.714141153
10.715141153
10.716141153
10.717141153
10.718141153
10.719141153
10.720141153
10.721141153
10.722141153
10.723141153
10.724141153
10.725141153
10.726141153
10.727141153
10.728141153
10.729141153
10.730141153
10.731141153
10.732141153
10.733141153
10.734141154
10.735141154
10.736141154
10.737141154
10.738141154
10.739141154
10.740141154
10.741141154
10.742141154
10.743141154
10.744141154
10.745141154
10.746141154
10.747141154
10.748141154
10.749141154
10.750141154
10.751141154
10.752141154
10.753141154
10.754141154
10.755141155
10.756141155
10.757141155
10.758141155
10.759141155
10.760141155
10.761141155
10.762141155
10.763141155
10.764141155
10.765141155
10.766141155
10.767141155
10.768141155
10.769141155
10.770141155
10.771141155
10.772141155
10.773141155
10.774141155
10.775141155
10.776141156
10.777141156
10.778141156
10.779141156
10.780141156
10.781141156
10.782141156
10.783141156
10.784141156
10.785141156
10.786141156
10.787141156
10.788141156
10.789141156
10.790141156
10.791141156
10.792141156
10.793141156
10.794141156
10.795141156
10.796141156
10.797141157
10.798141157
10.799141157
10.800141157
10.801141157
10.802141157
10.803141157
10.804141157
10.805141157
10.806141157
10.807141157
10.808141157
10.809141157
10.810141157
10.811141157
10.812141157
10.813141157
10.814141157
10.815141157
10.816141157
10.817141157
10.818141158
10.819141158
10.820141158
10.821141158
10.822141158
10.823141158
10.824141158
10.825141158
10.826141158
10.827141158
10.828141158
10.829141158
10.830141158
10.831141158
10.832141158
10.833141158
10.834141158
10.835141158
10.836141158
10.837141158
10.838141158
10.839141159
10.840141159
10.841141159
10.842141159
10.843141159
10.844141159
10.845141159
10.846141159
10.847141159
10.848141159
10.849141159
10.850141159
10.851141159
10.852141159
10.853141159
10.854141159
10.855141159
10.856141159
10.857141159
10.858141159
10.859141159
10.860141160
10.861141160
10.862141160
10.863141160
10.864141160
10.865141160
10.866141160
10.867141160
10.868141160
10.869141160
10.870141160
10.871141160
10.872141160
10.873141160
10.874141160
10.875141160
10.876141160
10.877141160
10.878141160
10.879141160
10.880141160
10.881141160
10.882141161
10.883141161
10.884141161
10.885141161
10.886141161
10.887141161
10.888141161
10.889141161
10.890141161
10.891141161
10.892141161
10.893141161
10.894141161
10.895141161
10.896141161
10.897141161
10.898141161
10.899141161
10.900141161
10.901141161
10.902141161
10.903141162
10.904141162
10.905141162
10.906141162
10.907141162
10.908141162
10.909141162
10.910141162
10.911141162
10.912141162
10.913141162
10.914141162
10.915141162
10.916141162
10.917141162
10.918141162
10.919141162
10.920141162
10.921141162
10.922141162
10.923141162
10.924141163
10.925141163
10.926141163
10.927141163
10.928141163
10.929141163
10.930141163
10.931141163
10.932141163
10.933141163
10.934141163
10.935141163
10.936141163
10.937141163
10.938141163
10.939141163
10.940141163
10.941141163
10.942141163
10.943141163
10.944141163
10.945141164
10.946141164
10.947141164
10.948141164
10.949141164
10.950141164
10.951141164
10.952141164
10.953141164
10.954141164
10.955141164
10.956141164
10.957141164
10.958141164
10.959141164
10.960141164
10.961141164
10.962141164
10.963141164
10.964141164
10.965141164
10.966141165
10.967141165
10.968141165
10.969141165
10.970141165
10.971141165
10.972141165
10.973141165
10.974141165
10.975141165
10.976141165
10.977141165
10.978141165
10.979141165
10.980141165
10.981141165
10.982141165
10.983141165
10.984141165
10.985141165
10.986141165
10.987141166
10.988141166
10.989141166
10.990141166
10.991141166
10.992141166
10.993141166
10.994141166
10.995141166
10.996141166
10.997141166
10.998141166
10.999141166
11.000141166
11.001141166
11.002141166
11.003141166
11.004141166
11.005141166
11.006141166
11.007141166
11.008141167
11.009141167
11.010141167
11.011141167
11.012141167
11.013141167
11.014141167
11.015141167
11.016141167
11.017141167
11.018141167
11.019141167
11.020141167
11.021141167
11.022141167
11.023141167
11.024141167
11.025141167
11.026141167
11.027141167
11.028141167
11.029141168
11.030141168
11.031141168
11.032141168
11.033141168
11.034141168
11.035141168
11.036141168
11.037141168
11.038141168
11.039141168
11.040141168
11.041141168
11.042141168
11.043141168
11.044141168
11.045141168
11.046141168
11.047141168
11.048141168
11.049141168
11.050141169
11.051141169
11.052141169
11.053141169
11.054141169
11.055141169
11.056141169
11.057141169
11.058141169
11.059141169
11.060141169
11.061141169
11.062141169
11.063141169
11.064141169
11.065141169
11.066141169
11.067141169
11.068141169
11.069141169
11.070141169
11.071141170
11.072141170
11.073141170
11.074141170
11.075141170
11.076141170
11.077141170
11.078141170
11.079141170
11.080141170
11.081141170
11.082141170
11.083141170
11.084141170
11.085141170
11.086141170
11.087141170
11.088141170
11.089141170
11.090141170
11.091141170
11.092141171
11.093141171
11.094141171
11.095141171
11.096141171
11.097141171
11.098141171
11.099141171
11.100141171
11.101141171
11.102141171
11.103141171
11.104141171
11.105141171
11.106141171
11.107141171
11.108141171
11.109141171
11.110141171
11.111141171
11.112141171
11.113141172
11.114141172
11.115141172
11.116141172
11.117141172
11.118141172
11.119141172
11.120141172
11.121141172
11.122141172
11.123141172
11.124141172
11.125141172
11.126141172
11.127141172
11.128141172
11.129141172
11.130141172
11.131141172
11.132141172
11.133141172
11.134141173
11.135141173
11.136141173
11.137141173
11.138141173
11.139141173
11.140141173
11.141141173
11.142141173
11.143141173
11.144141173
11.145141173
11.146141173
11.147141173
11.148141173
11.149141173
11.150141173
11.151141173
11.152141173
11.153141173
11.154141173
11.155141174
11.156141174
11.157141174
11.158141174
11.159141174
11.160141174
11.161141174
11.162141174
11.163141174
11.164141174
11.165141174
11.166141174
11.167141174
11.168141174
11.169141174
11.170141174
11.171141174
11.172141174
11.173141174
11.174141174
11.175141174
11.176141175
11.177141175
11.178141175
11.179141175
11.180141175
11.181141175
11.182141175
11.183141175
11.184141175
11.185141175
11.186141175
11.187141175
11.188141175
11.189141175
11.190141175
11.191141175
11.192141175
11.193141175
11.194141175
11.195141175
11.196141175
11.197141176
11.198141176
11.199141176
11.200141176
11.201141176
11.202141176
11.203141176
11.204141176
11.205141176
11.206141176
11.207141176
11.208141176
11.209141176
11.210141176
11.211141176
11.212141176
11.213141176
11.214141176
11.215141176
11.216141176
11.217141176
11.218141177
11.219141177
11.220141177
11.221141177
11.222141177
11.223141177
11.224141177
11.225141177
11.226141177
11.227141177
11.228141177
11.229141177
11.230141177
11.231141177
11.232141177
11.233141177
11.234141177
11.235141177
11.236141177
11.237141177
11.238141177
11.239141178
11.240141178
11.241141178
11.242141178
11.243141178
11.244141178
11.245141178
11.246141178
11.247141178
11.248141178
11.249141178
11.250141178
11.251141178
11.252141178
11.253141178
11.254141178
11.255141178
11.256141178
11.257141178
11.258141178
11.259141178
11.260141178
11.261141179
11.262141179
11.263141179
11.264141179
11.265141179
11.266141179
11.267141179
11.268141179
11.269141179
11.270141179
11.271141179
11.272141179
11.273141179
11.274141179
11.275141179
11.276141179
11.277141179
11.278141179
11.279141179
11.280141179
11.281141179
11.282141180
11.283141180
11.284141180
11.285141180
11.286141180
11.287141180
11.288141180
11.289141180
11.290141180
11.291141180
11.292141180
11.293141180
11.294141180
11.295141180
11.296141180
11.297141180
11.298141180
11.299141180
11.300141180
11.301141180
11.302141180
11.303141181
11.304141181
11.305141181
11.306141181
11.307141181
11.308141181
11.309141181
11.310141181
11.311141181
11.312141181
11.313141181
11.314141181
11.315141181
11.316141181
11.317141181
11.318141181
11.319141181
11.320141181
11.321141181
11.322141181
11.323141181
11.324141182
11.325141182
11.326141182
11.327141182
11.328141182
11.329141182
11.330141182
11.331141182
11.332141182
11.333141182
11.334141182
11.335141182
11.336141182
11.337141182
11.338141182
11.339141182
11.340141182
11.341141182
11.342141182
11.343141182
11.344141182
11.345141183
11.346141183
11.347141183
11.348141183
11.349141183
11.350141183
11.351141183
11.352141183
11.353141183
11.354141183
11.355141183
11.356141183
11.357141183
11.358141183
11.359141183
11.360141183
11.361141183
11.362141183
11.363141183
11.364141183
11.365141183
11.366141184
11.367141184
11.368141184
11.369141184
11.370141184
11.371141184
11.372141184
11.373141184
11.374141184
11.375141184
11.376141184
11.377141184
11.378141184
11.379141184
11.380141184
11.381141184
11.382141184
11.383141184
11.384141184
11.385141184
11.386141184
11.387141185
11.388141185
11.389141185
11.390141185
11.391141185
11.392141185
11.393141185
11.394141185
11.395141185
11.396141185
11.397141185
11.398141185
11.399141185
11.400141185
11.401141185
11.402141185
11.403141185
11.404141185
11.405141185
11.406141185
11.407141185
11.408141186
11.409141186
11.410141186
11.411141186
11.412141186
11.413141186
11.414141186
11.415141186
11.416141186
11.417141186
11.418141186
11.419141186
11.420141186
11.421141186
11.422141186
11.423141186
11.424141186
11.425141186
11.426141186
11.427141186
11.428141186
11.429141187
11.430141187
11.431141187
11.432141187
11.433141187
11.434141187
11.435141187
11.436141187
11.437141187
11.438141187
11.439141187
11.440141187
11.441141187
11.442141187
11.443141187
11.444141187
11.445141187
11.446141187
11.447141187
11.448141187
11.449141187
11.450141188
11.451141188
11.452141188
11.453141188
11.454141188
11.455141188
11.456141188
11.457141188
11.458141188
11.459141188
11.460141188
11.461141188
11.462141188
11.463141188
11.464141188
11.465141188
11.466141188
11.467141188
11.468141188
11.469141188
11.470141188
11.471141189
11.472141189
11.473141189
11.474141189
11.475141189
11.476141189
11.477141189
11.478141189
11.479141189
11.480141189
11.481141189
11.482141189
11.483141189
11.484141189
11.485141189
11.486141189
11.487141189
11.488141189
11.489141189
11.490141189
11.491141189
11.492141190
11.493141190
11.494141190
11.495141190
11.496141190
11.497141190
11.498141190
11.499141190
11.500141190
11.501141190
11.502141190
11.503141190
11.504141190
11.505141190
11.506141190
11.507141190
11.508141190
11.509141190
11.510141190
11.511141190
11.512141190
11.513141191
11.514141191
11.515141191
11.516141191
11.517141191
11.518141191
11.519141191
11.520141191
11.521141191
11.522141191
11.523141191
11.524141191
11.525141191
11.526141191
11.527141191
11.528141191
11.529141191
11.530141191
11.531141191
11.532141191
11.533141191
11.534141192
11.535141192
11.536141192
11.537141192
11.538141192
11.539141192
11.540141192
11.541141192
11.542141192
11.543141192
11.544141192
11.545141192
11.546141192
11.547141192
11.548141192
11.549141192
11.550141192
11.551141192
11.552141192
11.553141192
11.554141192
11.555141193
11.556141193
11.557141193
11.558141193
11.559141193
11.560141193
11.561141193
11.562141193
11.563141193
11.564141193
11.565141193
11.566141193
11.567141193
11.568141193
11.569141193
11.570141193
11.571141193
11.572141193
11.573141193
11.574141193
11.575141193
11.576141194
11.577141194
11.578141194
11.579141194
11.580141194
11.581141194
11.582141194
11.583141194
11.584141194
11.585141194
11.586141194
11.587141194
11.588141194
11.589141194
11.590141194
11.591141194
11.592141194
11.593141194
11.594141194
11.595141194
11.596141194
11.597141195
11.598141195
11.599141195
11.600141195
11.601141195
