0 5.293863007915206
1 5.333863009815104
2 5.373863011715002
3 5.4138630136149
4 5.4538630155147985
5 5.4938630174146965
6 5.533863019314595
7 5.573863021214493
8 5.613863023114391
9 5.653863025014289
10 5.693863026914187
11 5.733863028814085
12 5.773863030713983
13 5.813863032613881
14 5.853863034513779
15 5.893863036413677
16 5.933863038313575
17 5.973863040213473
18 6.013863042113371
19 6.053863044013269
20 6.093863045913167
21 6.133863047813065
22 6.173863049712963
23 6.2138630516128615
24 6.2538630535127595
25 6.293863055412658
26 6.333863057312556
27 6.373863059212454
28 6.413863061112352
29 6.45386306301225
30 6.493863064912148
31 6.533863066812046
32 6.573863068711944
33 6.613863070611842
34 6.65386307251174
35 6.693863074411638
36 6.733863076311536
37 6.773863078211434
38 6.813863080111332
39 6.85386308201123
40 6.893863083911128
41 6.933863085811026
42 6.9738630877109244
43 7.0138630896108225
44 7.0538630915107206
45 7.093863093410619
46 7.133863095310517
47 7.173863097210415
48 7.213863099110313
49 7.253863101010211
50 7.293863102910109
51 7.333863104810007
52 7.373863106709905
53 7.413863108609803
54 7.453863110509701
55 7.493863112409599
56 7.533863114309497
57 7.573863116209395
58 7.613863118109293
59 7.653863120009191
60 7.693863121909089
61 7.733863123808987
62 7.7738631257088855
63 7.8138631276087835
64 7.853863129508682
65 7.89386313140858
66 7.933863133308478
67 7.973863135208376
68 8.013863137108274
69 8.053863139008172
70 8.09386314090807
71 8.133863142807968
72 8.173863144707866
73 8.213863146607764
74 8.253863148507662
75 8.29386315040756
76 8.333863152307458
77 8.373863154207356
78 8.413863156107254
79 8.453863158007152
80 8.49386315990705
81 8.533863161806948
82 8.573863163706847
83 8.613863165606745
84 8.653863167506643
85 8.69386316940654
86 8.733863171306439
87 8.773863173206337
88 8.813863175106235
89 8.853863177006133
90 8.893863178906031
91 8.933863180805929
92 8.973863182705827
93 9.013863184605725
94 9.053863186505623
95 9.093863188405521
96 9.13386319030542
97 9.173863192205317
98 9.213863194105215
99 9.253863196005113
100 9.293863197905011
101 9.33386319980491
102 9.373863201704808
103 9.413863203604706
104 9.453863205504604
105 9.493863207404502
106 9.5338632093044
107 9.573863211204298
108 9.613863213104196
109 9.653863215004094
110 9.693863216903992
111 9.73386321880389
112 9.773863220703788
113 9.813863222603686
114 9.853863224503584
115 9.893863226403482
116 9.93386322830338
117 9.973863230203278
118 10.013863232103176
119 10.053863234003074
120 10.093863235902973
121 10.13386323780287
122 10.173863239702769
123 10.213863241602667
124 10.253863243502565
125 10.293863245402463
126 10.33386324730236
127 10.373863249202259
128 10.413863251102157
129 10.453863253002055
130 10.493863254901953
131 10.533863256801851
132 10.57386325870175
133 10.613863260601647
134 10.653863262501545
135 10.693863264401443
136 10.733863266301341
137 10.77386326820124
138 10.813863270101137
139 10.853863272001036
140 10.893863273900934
141 10.933863275800832
142 10.97386327770073
143 11.013863279600628
144 11.053863281500526
145 11.093863283400424
146 11.133863285300322
147 11.17386328720022
148 11.213863289100118
149 11.253863291000016
150 11.293863292899914
151 11.333863294799812
152 11.37386329669971
153 11.413863298599608
154 11.453863300499506
155 11.493863302399404
156 11.533863304299302
157 11.5738633061992
158 11.613863308099099
159 11.653863309998997
160 11.693863311898895
161 11.733863313798793
162 11.77386331569869
163 11.813863317598589
164 11.853863319498487
165 11.893863321398385
166 11.933863323298283
167 11.973863325198181
168 12.013863327098079
169 12.053863328997977
170 12.093863330897875
171 12.133863332797773
172 12.173863334697671
173 12.21386333659757
174 12.253863338497467
175 12.293863340397365
176 12.333863342297263
177 12.373863344197161
178 12.41386334609706
179 12.453863347996958
180 12.493863349896856
181 12.533863351796754
182 12.573863353696652
183 12.61386335559655
184 12.653863357496448
185 12.693863359396346
186 12.733863361296244
187 12.773863363196142
188 12.81386336509604
189 12.853863366995938
190 12.893863368895836
191 12.933863370795734
192 12.973863372695632
193 13.01386337459553
194 13.053863376495428
195 13.093863378395326
196 13.133863380295224
197 13.173863382195123
198 13.21386338409502
199 13.253863385994919
200 13.293863387894817
201 13.333863389794715
202 13.373863391694613
203 13.41386339359451
204 13.453863395494409
205 13.493863397394307
206 13.533863399294205
207 13.573863401194103
208 13.613863403094001
209 13.6538634049939
210 13.693863406893797
211 13.733863408793695
212 13.773863410693593
213 13.813863412593491
214 13.85386341449339
215 13.893863416393287
216 13.933863418293186
217 13.973863420193084
218 14.013863422092982
219 14.05386342399288
220 14.093863425892778
221 14.133863427792676
222 14.173863429692574
223 14.213863431592472
224 14.25386343349237
225 14.293863435392268
226 14.333863437292166
227 14.373863439192064
228 14.413863441091962
229 14.45386344299186
230 14.493863444891758
231 14.533863446791656
232 14.573863448691554
233 14.613863450591452
234 14.65386345249135
235 14.693863454391249
236 14.733863456291147
237 14.773863458191045
238 14.813863460090943
239 14.85386346199084
240 14.893863463890739
241 14.933863465790637
242 14.973863467690535
243 15.013863469590433
244 15.053863471490331
245 15.093863473390229
246 15.133863475290127
247 15.173863477190025
248 15.213863479089923
249 15.253863480989821
