0 4.26714084635023
1 4.307140848250128
2 4.347140850150026
3 4.387140852049924
4 4.4271408539498225
5 4.4671408558497205
6 4.507140857749619
7 4.547140859649517
8 4.587140861549415
9 4.627140863449313
10 4.667140865349211
11 4.707140867249109
12 4.747140869149007
13 4.787140871048905
14 4.827140872948803
15 4.867140874848701
16 4.907140876748599
17 4.947140878648497
18 4.987140880548395
19 5.027140882448293
20 5.067140884348191
21 5.107140886248089
22 5.147140888147987
23 5.1871408900478855
24 5.2271408919477835
25 5.267140893847682
26 5.30714089574758
27 5.347140897647478
28 5.387140899547376
29 5.427140901447274
30 5.467140903347172
31 5.50714090524707
32 5.547140907146968
33 5.587140909046866
34 5.627140910946764
35 5.667140912846662
36 5.70714091474656
37 5.747140916646458
38 5.787140918546356
39 5.827140920446254
40 5.867140922346152
41 5.90714092424605
42 5.9471409261459485
43 5.9871409280458465
44 6.027140929945745
45 6.067140931845643
46 6.107140933745541
47 6.147140935645439
48 6.187140937545337
49 6.227140939445235
50 6.267140941345133
51 6.307140943245031
52 6.347140945144929
53 6.387140947044827
54 6.427140948944725
55 6.467140950844623
56 6.507140952744521
57 6.547140954644419
58 6.587140956544317
59 6.627140958444215
60 6.667140960344113
61 6.7071409622440115
62 6.7471409641439095
63 6.787140966043808
64 6.827140967943706
65 6.867140969843604
66 6.907140971743502
67 6.9471409736434
68 6.987140975543298
69 7.027140977443196
70 7.067140979343094
71 7.107140981242992
72 7.14714098314289
73 7.187140985042788
74 7.227140986942686
75 7.267140988842584
76 7.307140990742482
77 7.34714099264238
78 7.387140994542278
79 7.427140996442176
80 7.4671409983420745
81 7.5071410002419725
82 7.547141002141871
83 7.587141004041769
84 7.627141005941667
85 7.667141007841565
86 7.707141009741463
87 7.747141011641361
88 7.787141013541259
89 7.827141015441157
90 7.867141017341055
91 7.907141019240953
92 7.947141021140851
93 7.987141023040749
94 8.027141024940647
95 8.067141026840545
96 8.107141028740443
97 8.147141030640341
98 8.18714103254024
99 8.227141034440137
100 8.267141036340035
101 8.307141038239934
102 8.347141040139832
103 8.38714104203973
104 8.427141043939628
105 8.467141045839526
106 8.507141047739424
107 8.547141049639322
108 8.58714105153922
109 8.627141053439118
110 8.667141055339016
111 8.707141057238914
112 8.747141059138812
113 8.78714106103871
114 8.827141062938608
115 8.867141064838506
116 8.907141066738404
117 8.947141068638302
118 8.9871410705382
119 9.027141072438098
120 9.067141074337997
121 9.107141076237895
122 9.147141078137793
123 9.18714108003769
124 9.227141081937589
125 9.267141083837487
126 9.307141085737385
127 9.347141087637283
128 9.387141089537181
129 9.427141091437079
130 9.467141093336977
131 9.507141095236875
132 9.547141097136773
133 9.587141099036671
134 9.62714110093657
135 9.667141102836467
136 9.707141104736365
137 9.747141106636263
138 9.787141108536161
139 9.82714111043606
140 9.867141112335958
141 9.907141114235856
142 9.947141116135754
143 9.987141118035652
144 10.02714111993555
145 10.067141121835448
146 10.107141123735346
147 10.147141125635244
148 10.187141127535142
149 10.22714112943504
150 10.267141131334938
151 10.307141133234836
152 10.347141135134734
153 10.387141137034632
154 10.42714113893453
155 10.467141140834428
156 10.507141142734326
157 10.547141144634224
158 10.587141146534123
159 10.62714114843402
160 10.667141150333919
161 10.707141152233817
162 10.747141154133715
163 10.787141156033613
164 10.82714115793351
165 10.867141159833409
166 10.907141161733307
167 10.947141163633205
168 10.987141165533103
169 11.027141167433001
170 11.0671411693329
171 11.107141171232797
172 11.147141173132695
173 11.187141175032593
174 11.227141176932491
175 11.26714117883239
176 11.307141180732287
177 11.347141182632186
178 11.387141184532084
179 11.427141186431982
180 11.46714118833188
181 11.507141190231778
182 11.547141192131676
183 11.587141194031574
